{
  "instance_name": "ap75_loose_q5",
  "source_prefix": "ap75",
  "benchmark_version": "unified_hlrp_v2",
  "modeling_choices": {
    "single_allocation": true,
    "use_hub_capacity": true,
    "use_hub_fixed_cost": true,
    "use_vehicle_capacity": false,
    "use_karimi_covering_timebound": false,
    "local_tours": "closed tours starting and ending at the same hub",
    "route_cardinality_bound_q": 5,
    "candidate_hubs": "all nodes",
    "assignment_cost_mode": "normalized_throughput_distance",
    "objective_terms": [
      "hub_fixed_cost",
      "local_route_cost",
      "assignment_cost",
      "inter_hub_flow_cost",
      "vehicle_fixed_cost"
    ]
  },
  "parameters": {
    "alpha": 0.75,
    "cap_type": "loose",
    "cost_type": "loose",
    "q": 5,
    "vehicle_fixed_cost": 0.0,
    "keep_diag_flow": false,
    "assignment_weight": 1.0,
    "throughput_normalization_mean": 101.62971626666666,
    "ap_meta_collect": null,
    "ap_meta_transfer": null,
    "ap_meta_distribute": null,
    "ap_meta_p": null,
    "source_parameter_rule": "source_neutral_throughput_distance_v1",
    "source_parameter_note": "Hub opening costs and capacities are transformed from throughput and distance because the source topology does not provide HLRP fixed-cost and capacity parameters.",
    "setting": "loose",
    "source_cap_code": "L",
    "source_cost_code": "L"
  },
  "summary": {
    "n_nodes": 75,
    "n_candidate_hubs": 75,
    "total_flow": 3811.11436,
    "total_outbound": 3811.1143600000005,
    "total_inbound": 3811.1143599999996,
    "avg_nonzero_distance": 20854.44549544072,
    "avg_nonzero_flow": 0.686687272072072,
    "avg_throughput": 101.62971626666666,
    "min_hub_fixed_cost": 4128.862574609967,
    "max_hub_fixed_cost": 5681.562620706506,
    "min_hub_capacity": 677.5314417777778,
    "max_hub_capacity": 1185.680023111111
  },
  "nodes": [
    {
      "id": 0,
      "x": 6837.548625,
      "y": 4790.968449
    },
    {
      "id": 1,
      "x": 10959.815497,
      "y": 20738.972209
    },
    {
      "id": 2,
      "x": 16802.140252,
      "y": 24339.004016
    },
    {
      "id": 3,
      "x": 22010.570408,
      "y": 22497.140363
    },
    {
      "id": 4,
      "x": 23056.0,
      "y": 20867.271645
    },
    {
      "id": 5,
      "x": 24497.0,
      "y": 588.853297
    },
    {
      "id": 6,
      "x": 24497.0,
      "y": 10630.24118
    },
    {
      "id": 7,
      "x": 26294.486105,
      "y": 23326.520094
    },
    {
      "id": 8,
      "x": 32068.423994,
      "y": 19935.772643
    },
    {
      "id": 9,
      "x": 37363.01915,
      "y": 21628.766188
    },
    {
      "id": 10,
      "x": 40599.689681,
      "y": 24426.315757
    },
    {
      "id": 11,
      "x": 48994.0,
      "y": 19032.646295
    },
    {
      "id": 12,
      "x": 52342.599819,
      "y": 15969.400685
    },
    {
      "id": 13,
      "x": 56199.0,
      "y": 17417.683665
    },
    {
      "id": 14,
      "x": 57640.0,
      "y": 11700.717163
    },
    {
      "id": 15,
      "x": 13358.113181,
      "y": 35389.322853
    },
    {
      "id": 16,
      "x": 17617.750801,
      "y": 33100.455766
    },
    {
      "id": 17,
      "x": 22113.632219,
      "y": 33376.482784
    },
    {
      "id": 18,
      "x": 23717.659586,
      "y": 35111.192798
    },
    {
      "id": 19,
      "x": 25938.0,
      "y": 31289.058403
    },
    {
      "id": 20,
      "x": 27623.640267,
      "y": 27757.272892
    },
    {
      "id": 21,
      "x": 30005.22016,
      "y": 31393.380571
    },
    {
      "id": 22,
      "x": 31702.0,
      "y": 31891.800116
    },
    {
      "id": 23,
      "x": 34584.0,
      "y": 29047.318423
    },
    {
      "id": 24,
      "x": 36213.82333,
      "y": 33234.304362
    },
    {
      "id": 25,
      "x": 37466.0,
      "y": 33062.09302
    },
    {
      "id": 26,
      "x": 40348.0,
      "y": 34160.44184
    },
    {
      "id": 27,
      "x": 41789.0,
      "y": 31351.225621
    },
    {
      "id": 28,
      "x": 42155.84499,
      "y": 31829.491891
    },
    {
      "id": 29,
      "x": 52314.811884,
      "y": 33917.764121
    },
    {
      "id": 30,
      "x": 13559.585446,
      "y": 37648.0
    },
    {
      "id": 31,
      "x": 17054.476547,
      "y": 39812.293343
    },
    {
      "id": 32,
      "x": 19632.483856,
      "y": 41530.53097
    },
    {
      "id": 33,
      "x": 23829.048864,
      "y": 38731.440842
    },
    {
      "id": 34,
      "x": 28518.199789,
      "y": 38780.66652
    },
    {
      "id": 35,
      "x": 31350.353346,
      "y": 37967.703424
    },
    {
      "id": 36,
      "x": 33143.0,
      "y": 39279.26811
    },
    {
      "id": 37,
      "x": 33934.06843,
      "y": 37963.706746
    },
    {
      "id": 38,
      "x": 36441.005382,
      "y": 38382.367242
    },
    {
      "id": 39,
      "x": 38158.875917,
      "y": 37988.467089
    },
    {
      "id": 40,
      "x": 39383.120167,
      "y": 38617.566966
    },
    {
      "id": 41,
      "x": 42651.120076,
      "y": 38662.845985
    },
    {
      "id": 42,
      "x": 46996.787524,
      "y": 38206.91441
    },
    {
      "id": 43,
      "x": 48720.38584,
      "y": 39370.943306
    },
    {
      "id": 44,
      "x": 50039.275042,
      "y": 37392.941859
    },
    {
      "id": 45,
      "x": 15569.829982,
      "y": 47387.35993
    },
    {
      "id": 46,
      "x": 22546.004107,
      "y": 43630.105873
    },
    {
      "id": 47,
      "x": 23815.685772,
      "y": 44529.986629
    },
    {
      "id": 48,
      "x": 24497.0,
      "y": 46225.99188
    },
    {
      "id": 49,
      "x": 26193.01718,
      "y": 47784.0
    },
    {
      "id": 50,
      "x": 29255.193798,
      "y": 43783.768233
    },
    {
      "id": 51,
      "x": 30261.918898,
      "y": 47762.236103
    },
    {
      "id": 52,
      "x": 31702.0,
      "y": 44679.85
    },
    {
      "id": 53,
      "x": 32471.095287,
      "y": 44683.225835
    },
    {
      "id": 54,
      "x": 33143.819255,
      "y": 46047.403884
    },
    {
      "id": 55,
      "x": 34584.0,
      "y": 44711.565725
    },
    {
      "id": 56,
      "x": 36814.72367,
      "y": 43440.0
    },
    {
      "id": 57,
      "x": 40446.591763,
      "y": 41992.0
    },
    {
      "id": 58,
      "x": 43513.488605,
      "y": 43440.0
    },
    {
      "id": 59,
      "x": 49128.895515,
      "y": 42398.652405
    },
    {
      "id": 60,
      "x": 3533.892284,
      "y": 53932.856205
    },
    {
      "id": 61,
      "x": 6951.77966,
      "y": 53463.630286
    },
    {
      "id": 62,
      "x": 15339.135792,
      "y": 52753.275947
    },
    {
      "id": 63,
      "x": 18801.09855,
      "y": 51312.699748
    },
    {
      "id": 64,
      "x": 21615.0,
      "y": 52635.639893
    },
    {
      "id": 65,
      "x": 25405.756364,
      "y": 51234.25597
    },
    {
      "id": 66,
      "x": 30043.554045,
      "y": 50350.357116
    },
    {
      "id": 67,
      "x": 31537.523428,
      "y": 48145.945233
    },
    {
      "id": 68,
      "x": 31702.0,
      "y": 50946.453353
    },
    {
      "id": 69,
      "x": 32302.306346,
      "y": 52049.248495
    },
    {
      "id": 70,
      "x": 33409.283858,
      "y": 47784.0
    },
    {
      "id": 71,
      "x": 34584.0,
      "y": 51348.053843
    },
    {
      "id": 72,
      "x": 36025.0,
      "y": 48569.086183
    },
    {
      "id": 73,
      "x": 37466.0,
      "y": 49382.280845
    },
    {
      "id": 74,
      "x": 38907.0,
      "y": 49273.759083
    }
  ],
  "hub_fixed_cost": [
    4850.820362903048,
    4748.4020350362725,
    4623.671972342368,
    4559.8146255744,
    4775.164756153231,
    4891.155052333209,
    4819.315876980202,
    4518.4599515357795,
    4643.168559972588,
    4535.562414782656,
    4552.624304836255,
    4698.353114621032,
    4705.878785004678,
    4724.98708730231,
    4904.611364737284,
    4603.450763136766,
    4464.4087801666155,
    4379.916859383148,
    4322.7484872545265,
    4360.597122968884,
    4574.531940055287,
    4329.442021353316,
    4299.927256783264,
    4336.596635367534,
    4216.313461698204,
    4296.386059352984,
    4298.601811283963,
    4401.301409888444,
    4340.349051405435,
    4605.359513192939,
    4517.041173570805,
    4496.483451612508,
    4373.793788077426,
    4380.0611863576305,
    4191.7095950256025,
    4230.383820977302,
    4214.850935662985,
    4128.862574609967,
    4207.291448410536,
    4228.752906952766,
    4254.422459865041,
    4439.036651692423,
    4435.231127919159,
    4482.885748543798,
    4564.406882187713,
    4576.981291228935,
    4455.308347862818,
    4407.464319867643,
    4542.357232900804,
    4625.522384645888,
    4250.289731501457,
    5681.562620706506,
    4249.474791076868,
    4280.311753491819,
    4639.799888305149,
    4213.890113990392,
    4268.613419152615,
    4326.024612277531,
    4439.3910950061345,
    4643.832860605285,
    4756.413653680627,
    4751.79896226969,
    4662.346464670107,
    4587.318121162794,
    4563.32675656998,
    4480.976694015567,
    4453.199195989765,
    4493.067248285374,
    4467.384010961814,
    4447.109119020355,
    4296.59129155097,
    4489.07935624185,
    4373.796090084718,
    4439.985756022216,
    4423.9799374393915
  ],
  "hub_capacity": [
    688.8436478916053,
    711.9150808698157,
    712.5569524182539,
    705.6369819458087,
    774.0768506683467,
    713.8522929485208,
    730.1909473071576,
    712.6404910504533,
    734.8066191002439,
    702.4806615859998,
    717.4288393487794,
    700.6965541839444,
    679.614261952189,
    677.5314417777778,
    721.3126156764761,
    718.873870271306,
    701.0711373655419,
    710.8702588177065,
    710.7931451636055,
    718.9109774191828,
    773.6932122107577,
    724.3862416972363,
    719.556977653908,
    704.0839603625218,
    688.4544333880422,
    708.430687675279,
    692.8990059268297,
    703.1796017846666,
    681.2660658341241,
    695.3321520911586,
    692.0188535119474,
    715.6358575906936,
    694.2175366849046,
    738.369981538224,
    703.8526472340588,
    724.8245875676156,
    718.9799357581235,
    686.3639078788862,
    702.0834866041573,
    696.9006121777751,
    695.2041071485793,
    727.7496875784286,
    683.7664075275184,
    683.8870672245146,
    701.8293868385684,
    709.7463051580863,
    742.4175043474496,
    731.4634548105652,
    772.7630794969352,
    799.500071496164,
    712.5932663016866,
    1185.680023111111,
    710.9445751708737,
    721.2486720677334,
    835.1610426239,
    690.9920399544073,
    705.2361004242545,
    702.0016736700464,
    706.0729897736162,
    731.1213954711684,
    686.5332953520164,
    700.1319261808612,
    712.7052882302935,
    714.3884098213565,
    711.886347068847,
    712.5502769355942,
    725.8512805118484,
    764.996385051613,
    725.0168730132323,
    705.0097834700963,
    697.0309626901125,
    722.7492639741479,
    705.4799758925662,
    712.8065384627671,
    699.0518479312445
  ],
  "outbound_flow": [
    17.82733,
    15.56932,
    36.402229999999996,
    24.132280000000005,
    155.39303999999998,
    40.78187,
    37.07215,
    33.598850000000006,
    61.46395999999999,
    15.300189999999999,
    41.14891,
    18.15125,
    8.11102,
    4.316249999999999,
    48.025150000000004,
    37.72725,
    24.999950000000002,
    27.00435,
    37.535639999999994,
    69.26226,
    124.85931999999998,
    59.975280000000005,
    54.42511,
    30.89704,
    12.125520000000002,
    34.12732,
    14.207590000000001,
    18.922670000000004,
    11.18191,
    10.63738,
    11.214939999999997,
    36.564539999999994,
    14.713130000000001,
    84.17983999999998,
    23.22406,
    57.717940000000006,
    43.52213,
    12.470660000000002,
    19.584900000000005,
    19.474809999999998,
    21.203899999999997,
    40.064780000000006,
    5.97454,
    8.023,
    27.258249999999997,
    34.222010000000004,
    81.18924000000001,
    60.61609,
    127.99896,
    153.74190000000002,
    43.01655999999999,
    635.8956,
    36.46918,
    58.56659,
    300.59514,
    14.854000000000001,
    25.277639999999998,
    22.33987,
    30.51862,
    39.42673,
    10.27924,
    23.831680000000002,
    31.938960000000005,
    42.386399999999995,
    29.15374,
    26.594570000000004,
    48.2558,
    117.78082,
    48.99566000000001,
    26.75909,
    33.249269999999996,
    46.14893,
    43.982859999999995,
    39.22551,
    27.42989
  ],
  "inbound_flow": [
    15.08238,
    67.07431000000001,
    47.62505,
    44.977970000000006,
    61.249570000000006,
    46.03770999999999,
    84.96783999999995,
    50.608509999999995,
    70.5258,
    47.00614,
    53.38044999999999,
    40.30917,
    4.903369999999997,
    4.208310000000003,
    54.87627,
    59.91709000000001,
    34.26794,
    53.387010000000004,
    42.68949,
    28.462070000000004,
    90.95630000000001,
    49.55180000000001,
    44.69177000000002,
    34.86544000000001,
    19.94518,
    41.00517999999999,
    27.444050000000004,
    44.890330000000006,
    5.39319,
    36.25927,
    28.5394,
    54.09978000000002,
    29.780800000000003,
    55.49128000000002,
    42.03979,
    52.75406,
    54.35085,
    15.0936,
    41.86526,
    30.80289,
    25.41672999999999,
    76.71270999999999,
    15.990419999999995,
    14.202060000000001,
    33.64416,
    43.746499999999976,
    67.20692,
    64.16698000000002,
    85.81161999999999,
    117.70425999999999,
    41.089,
    468.01912999999996,
    44.08237999999998,
    44.19699000000001,
    47.72357000000001,
    22.686890000000002,
    42.968450000000004,
    38.933930000000004,
    39.53150999999999,
    84.61898000000002,
    17.65016,
    33.4116,
    52.40807999999999,
    45.58885999999998,
    53.42794999999998,
    57.418319999999994,
    64.42939,
    79.28749,
    61.890840000000004,
    40.999140000000004,
    17.309420000000003,
    59.8494,
    24.78894,
    45.339789999999994,
    27.48511999999999
  ],
  "node_throughput": [
    32.909710000000004,
    82.64363000000002,
    84.02727999999999,
    69.11025000000001,
    216.64261,
    86.81957999999999,
    122.03998999999996,
    84.20736,
    131.98976,
    62.30633,
    94.52936,
    58.46042,
    13.014389999999997,
    8.524560000000001,
    102.90142,
    97.64434,
    59.26789000000001,
    80.39136,
    80.22513,
    97.72433000000001,
    215.81562,
    109.52708000000001,
    99.11688000000001,
    65.76248000000001,
    32.0707,
    75.1325,
    41.65164000000001,
    63.81300000000001,
    16.5751,
    46.89665,
    39.75434,
    90.66432,
    44.493930000000006,
    139.67112,
    65.26385,
    110.47200000000001,
    97.87298,
    27.564260000000004,
    61.450160000000004,
    50.277699999999996,
    46.62062999999999,
    116.77749,
    21.964959999999994,
    22.22506,
    60.902409999999996,
    77.96850999999998,
    148.39616,
    124.78307000000002,
    213.81058,
    271.44616,
    84.10556,
    1103.91473,
    80.55155999999998,
    102.76358,
    348.31871,
    37.540890000000005,
    68.24609000000001,
    61.27380000000001,
    70.05013,
    124.04571000000001,
    27.9294,
    57.24328,
    84.34703999999999,
    87.97525999999998,
    82.58168999999998,
    84.01289,
    112.68519,
    197.06831,
    110.88650000000001,
    67.75823,
    50.55869,
    105.99833000000001,
    68.7718,
    84.5653,
    54.915009999999995
  ],
  "node_throughput_normalized": [
    0.32381975674957186,
    0.8131837127553424,
    0.8267983330733744,
    0.680020101784613,
    2.1316856718516313,
    0.8542735647533809,
    1.200829781712454,
    0.8285702557610998,
    1.2987319540838969,
    0.6130719664366094,
    0.9301350379840084,
    0.5752295898042797,
    0.1280569352949041,
    0.08387861654196073,
    1.012513109157921,
    0.9607853252663875,
    0.5831748053343643,
    0.7910221828137428,
    0.7893865391643613,
    0.9615723982105855,
    2.123548386514437,
    1.0777072299661983,
    0.9752745913402611,
    0.6470792442974607,
    0.3155641989184497,
    0.7392768843598805,
    0.40983721622040237,
    0.627897059483673,
    0.1630930460979397,
    0.46144623563592047,
    0.39116846391353105,
    0.8921044290048542,
    0.437804331591876,
    1.3743137846957707,
    0.6421729037278221,
    1.0870049042558776,
    0.9630350609578664,
    0.27122244371591103,
    0.6046475603529253,
    0.49471455640076883,
    0.45873029771796187,
    1.1490486669625941,
    0.21612733762205966,
    0.2186866284432357,
    0.5992578965801488,
    0.7671822067811157,
    1.460165052617314,
    1.2278207062251476,
    2.1038195112045917,
    2.670932970901456,
    0.8275685802301666,
    10.862125474240559,
    0.792598493423325,
    1.0111568129380406,
    3.4273313239018104,
    0.3693889088649652,
    0.671517076963285,
    0.6029122411325386,
    0.6892681842798336,
    1.2205653479786949,
    0.27481529050731507,
    0.5632533682353211,
    0.8299446569218143,
    0.8656450419399115,
    0.8125742453448705,
    0.8266567406284812,
    1.1087819009975866,
    1.9390815721940184,
    1.0910834357644414,
    0.6667167093353766,
    0.497479397338263,
    1.0429855941137385,
    0.6766898750317217,
    0.8320922571318484,
    0.5403440255201368
  ],
  "distance_matrix": [
    [
      0.0,
      16472.155539,
      21941.257503,
      23317.999783,
      22836.061163,
      18152.520338,
      18599.820668,
      26872.645774,
      29427.235106,
      34861.379541,
      39056.741193,
      44497.098562,
      46857.945233,
      50950.827461,
      51270.202779,
      31285.412805,
      30292.57056,
      32411.269024,
      34702.365202,
      32664.598787,
      30976.002736,
      35276.469992,
      36779.016018,
      36854.254544,
      40889.960545,
      41681.632863,
      44559.132831,
      43898.191469,
      44479.9259,
      54005.108088,
      33537.595343,
      36481.211788,
      38903.802151,
      37956.116064,
      40315.632326,
      41250.13138,
      43375.333838,
      42832.837306,
      44774.398096,
      45640.984425,
      46940.952208,
      49294.178032,
      52243.563368,
      54313.411919,
      54122.803287,
      43482.241259,
      41895.514909,
      43213.964258,
      45041.28539,
      47149.071305,
      44977.652786,
      48941.096907,
      47003.870198,
      47418.04418,
      48929.67749,
      48616.043142,
      48911.948065,
      50134.663947,
      53281.068057,
      56594.133215,
      49252.809843,
      48672.795883,
      48709.957143,
      48035.382895,
      50074.800596,
      50017.569857,
      51129.018994,
      49897.322245,
      52426.803535,
      53682.389279,
      50541.64496,
      54198.042071,
      52615.880779,
      54097.016321,
      54837.65471
    ],
    [
      16472.155539,
      0.0,
      6862.433064,
      11189.742596,
      12096.864895,
      24275.144828,
      16895.023151,
      15551.447737,
      21123.884165,
      26418.192528,
      29868.355229,
      38072.440675,
      41656.735959,
      45360.938836,
      47547.131139,
      14845.356371,
      14040.455058,
      16855.690463,
      19217.786305,
      18320.762258,
      18081.471191,
      21823.012082,
      23550.451976,
      25042.577947,
      28176.199837,
      29230.756464,
      32307.912892,
      32604.578507,
      33108.788606,
      43404.104442,
      17107.718276,
      20023.398123,
      22527.851477,
      22121.168481,
      25175.376711,
      26694.628918,
      28910.832689,
      28714.243464,
      30993.231943,
      32207.669294,
      33578.689654,
      36408.845588,
      40047.376414,
      42107.137395,
      42480.099617,
      27044.200888,
      25656.261749,
      27042.295902,
      28859.028674,
      31040.038043,
      29424.199071,
      33208.854048,
      31676.550433,
      32187.923821,
      33654.817435,
      33656.906176,
      34406.582792,
      36347.780742,
      39687.256085,
      43886.449111,
      34014.383286,
      32969.191642,
      32312.444817,
      31563.246594,
      33629.308142,
      33743.851873,
      35228.159093,
      34272.207895,
      36643.282263,
      37892.417668,
      35148.430376,
      38665.462262,
      37453.687642,
      39025.849722,
      39940.946203
    ],
    [
      21941.257503,
      6862.433064,
      0.0,
      5524.509608,
      7152.879658,
      24965.586829,
      15720.720245,
      9546.190522,
      15888.608052,
      20738.735018,
      23797.709599,
      32626.266509,
      36512.662545,
      40000.215417,
      42748.767039,
      11574.578561,
      8799.332778,
      10482.746272,
      12800.955387,
      11478.989037,
      11348.542844,
      14969.48722,
      16704.806178,
      18394.639454,
      21352.747087,
      22429.609481,
      25512.117752,
      25952.156209,
      26437.052645,
      36781.822842,
      13698.30412,
      15475.346723,
      17422.957382,
      16016.231842,
      18596.44232,
      19934.692167,
      22141.255351,
      21889.163702,
      24143.344306,
      25345.966157,
      26716.624297,
      29552.363809,
      33227.032106,
      35280.782308,
      35708.716334,
      23081.275938,
      20128.054621,
      21374.414603,
      23200.239316,
      25255.819254,
      23090.634423,
      27015.059552,
      25214.199092,
      25678.853427,
      27171.770231,
      27041.37213,
      27664.987668,
      29507.428801,
      32838.151264,
      37029.312791,
      32432.121292,
      30745.29979,
      28451.910857,
      27047.663406,
      28703.017627,
      28237.860894,
      29187.763349,
      27998.249364,
      30495.281286,
      31750.792085,
      28730.907668,
      32337.026899,
      30929.196865,
      32467.842768,
      33322.167317
    ],
    [
      23317.999783,
      11189.742596,
      5524.509608,
      0.0,
      1936.335474,
      22048.931364,
      12124.587759,
      4363.462437,
      10378.873896,
      15376.987874,
      18688.955911,
      27204.929548,
      31026.495024,
      34563.703481,
      37229.276208,
      15526.538102,
      11477.245385,
      10879.830571,
      12729.04051,
      9629.253659,
      7692.564427,
      11960.665303,
      13497.534568,
      14177.304551,
      17805.029747,
      18721.338855,
      21732.324436,
      21669.820093,
      22201.911472,
      32384.837478,
      17348.420521,
      18010.479979,
      19181.377783,
      16335.831045,
      17535.748181,
      18071.244195,
      20138.788453,
      19529.067586,
      21461.07841,
      22377.421088,
      23699.654829,
      26217.595787,
      29514.539576,
      31593.345283,
      31741.033154,
      25710.040205,
      21139.747408,
      22106.667683,
      23858.766239,
      25630.414185,
      22485.664192,
      26578.371181,
      24207.362813,
      24528.452241,
      26049.263748,
      25525.904996,
      25646.955445,
      26831.631252,
      30016.309912,
      33637.386019,
      36463.569011,
      34433.859455,
      30982.927239,
      28993.743675,
      30141.095366,
      28936.985003,
      28988.454764,
      27360.994593,
      30054.737017,
      31292.921303,
      27737.266243,
      31471.675207,
      29599.841142,
      31010.983258,
      31661.911551
    ],
    [
      22836.061163,
      12096.864895,
      7152.879658,
      1936.335474,
      0.0,
      20329.55316,
      10337.953073,
      4066.410602,
      9060.434683,
      14327.270183,
      17901.057025,
      26002.80166,
      29693.333745,
      33322.036346,
      35778.188566,
      17462.502113,
      13387.507165,
      12544.657044,
      14259.2806,
      10812.934996,
      8266.526162,
      12613.113412,
      14010.479792,
      14135.343975,
      18057.458653,
      18877.546672,
      21811.043942,
      21467.151184,
      22022.133216,
      32037.375466,
      19281.460876,
      19872.899408,
      20944.94566,
      17880.88772,
      18727.662494,
      19005.816595,
      20994.027313,
      20263.772253,
      22043.977473,
      22830.510165,
      24117.376245,
      26469.816714,
      29560.522974,
      31639.319928,
      31641.664116,
      27556.44796,
      22768.54668,
      23674.906608,
      25399.629386,
      27098.91404,
      23740.173117,
      27843.569821,
      25333.618058,
      25609.445391,
      27125.691823,
      26484.809687,
      26435.403201,
      27362.142276,
      30463.698157,
      33814.142573,
      38398.510023,
      36357.50967,
      32806.512517,
      30741.312248,
      31801.033036,
      30457.759142,
      30299.805947,
      28566.803678,
      31297.132268,
      32523.989013,
      28839.222458,
      32587.925178,
      30587.341985,
      31949.23864,
      32529.720711
    ],
    [
      18152.520338,
      24275.144828,
      24965.586829,
      22048.931364,
      20329.55316,
      0.0,
      10041.387883,
      22808.604685,
      20775.700938,
      24661.962275,
      28766.668759,
      30663.928469,
      31810.983437,
      35891.870048,
      34956.143488,
      36539.669961,
      33231.436392,
      32874.140131,
      34531.13517,
      30734.005182,
      27347.740357,
      31293.120488,
      32121.433725,
      30193.24107,
      34684.426248,
      34967.21692,
      37125.540512,
      35289.330045,
      35886.101852,
      43412.520714,
      38639.45382,
      39923.294007,
      41229.655444,
      38148.435661,
      38402.924954,
      38001.9327,
      39644.690873,
      38547.865452,
      39635.955405,
      39816.805062,
      40838.457818,
      42180.576039,
      43833.308802,
      45725.517242,
      44798.981564,
      47642.361272,
      43085.447755,
      43946.414957,
      45637.138583,
      47225.61113,
      43456.197309,
      47524.334138,
      44675.81018,
      44809.595905,
      46273.613482,
      45261.035351,
      44586.400283,
      44369.021111,
      46881.207457,
      48526.174155,
      57315.220765,
      55709.754966,
      52962.189034,
      51042.647777,
      52126.518385,
      50653.555157,
      50069.666707,
      48075.419536,
      50870.422727,
      52048.968108,
      48029.26895,
      51751.753681,
      49345.694157,
      50487.558199,
      50772.710696
    ],
    [
      18599.820668,
      16895.023151,
      15720.720245,
      12124.587759,
      10337.953073,
      10041.387883,
      0.0,
      12822.887918,
      11996.640242,
      16926.369992,
      21204.440306,
      25897.942403,
      28352.849125,
      32420.459273,
      33160.282988,
      27149.344833,
      23499.672617,
      22870.766255,
      24493.353458,
      20709.012774,
      17410.086003,
      21481.351138,
      22449.185139,
      20998.483354,
      25460.314634,
      25911.058218,
      28371.192152,
      26988.376391,
      27590.63314,
      36278.635348,
      29147.664208,
      30116.163829,
      31280.847598,
      28109.136969,
      28436.182841,
      28183.422326,
      29925.241186,
      28916.718355,
      30213.23825,
      30579.721687,
      31699.952339,
      33397.589851,
      35590.916609,
      37587.236933,
      36995.269454,
      37825.654566,
      33057.487121,
      33906.591256,
      35595.7507,
      37192.449082,
      33493.234605,
      37576.845755,
      34803.561395,
      34974.161313,
      36457.412103,
      35542.710248,
      35045.778494,
      35184.505023,
      37922.38274,
      40199.03268,
      48109.961059,
      46287.514289,
      43107.035793,
      41079.261537,
      42104.149974,
      40614.182932,
      40105.509244,
      38170.630342,
      40954.962935,
      42148.036421,
      38207.729559,
      41948.633316,
      39651.61717,
      40864.600074,
      41242.812415
    ],
    [
      26872.645774,
      15551.447737,
      9546.190522,
      4363.462437,
      4066.410602,
      22808.604685,
      12822.887918,
      0.0,
      6695.933618,
      11197.981608,
      14347.417881,
      23102.062316,
      27067.165239,
      30482.688517,
      33432.028582,
      17687.875928,
      13069.642461,
      10884.911083,
      12063.106799,
      7970.514329,
      4625.821132,
      8879.402299,
      10129.423892,
      10071.920082,
      14019.894439,
      14818.370454,
      17744.720713,
      17449.236649,
      17996.756237,
      28093.269722,
      19164.615349,
      18898.637418,
      19384.743639,
      15600.960356,
      15613.313047,
      15489.546245,
      17360.65413,
      16510.91915,
      18155.726005,
      18860.97652,
      20127.803061,
      22421.917106,
      25495.321513,
      27574.344872,
      27598.536609,
      26342.78388,
      20646.711912,
      21347.867439,
      22969.909978,
      24457.690392,
      20670.384405,
      24755.701158,
      22027.389873,
      22231.945059,
      23730.822253,
      22935.479442,
      22698.622697,
      23423.967099,
      26477.275559,
      29751.579521,
      38141.741455,
      35810.413337,
      31399.899053,
      28972.005603,
      29680.331764,
      27921.883215,
      27282.655256,
      25367.169819,
      28144.305281,
      29344.318545,
      25471.330362,
      29221.950555,
      27053.096744,
      28349.698253,
      28850.211748
    ],
    [
      29427.235106,
      21123.884165,
      15888.608052,
      10378.873896,
      9060.434683,
      20775.700938,
      11996.640242,
      6695.933618,
      0.0,
      5558.683748,
      9640.92691,
      16949.653694,
      20658.516691,
      24261.604862,
      26864.877409,
      24267.013512,
      19548.167113,
      16725.745675,
      17321.33491,
      12902.681733,
      8996.21968,
      11641.88943,
      11961.64117,
      9452.427685,
      13929.654753,
      14192.74862,
      16458.815042,
      14993.404036,
      15595.403807,
      24605.127683,
      25618.354794,
      24909.730891,
      24919.594586,
      20522.291431,
      19176.39479,
      18046.222684,
      19373.320068,
      18124.211353,
      18957.750929,
      19052.385189,
      20062.75702,
      21510.386615,
      23594.292936,
      25593.235278,
      25054.026511,
      32028.007258,
      25536.207779,
      25941.916848,
      27358.766215,
      28461.274957,
      24013.353739,
      27885.041319,
      24746.790313,
      24750.728952,
      26133.766683,
      24903.173402,
      23978.658517,
      23593.873366,
      26142.65112,
      28207.10293,
      44384.920757,
      41892.27925,
      36835.548141,
      34066.603573,
      34330.094544,
      31999.784351,
      30481.91344,
      28215.167782,
      31012.845478,
      32114.327523,
      27880.489094,
      31512.847108,
      28905.382509,
      29937.111952,
      30124.467964
    ],
    [
      34861.379541,
      26418.192528,
      20738.735018,
      15376.987874,
      14327.270183,
      24661.962275,
      16926.369992,
      11197.981608,
      5558.683748,
      0.0,
      4278.12105,
      11917.195729,
      16013.002683,
      19300.968644,
      22577.026151,
      27669.268699,
      22835.833332,
      19249.744076,
      19182.587545,
      14961.694699,
      11507.132373,
      12226.401761,
      11720.793626,
      7921.986159,
      11662.29683,
      11433.790601,
      12882.27485,
      10682.486785,
      11270.580482,
      19353.955052,
      28691.79862,
      27259.449049,
      26654.30778,
      21809.856304,
      19298.147956,
      17410.1413,
      18147.969025,
      16690.955218,
      16778.952818,
      16379.047639,
      17108.482107,
      17836.027751,
      19174.057775,
      21065.958963,
      20228.610877,
      33740.898709,
      26525.513807,
      26608.196845,
      27758.925781,
      28440.555546,
      23591.967861,
      27081.061179,
      23736.040165,
      23567.754002,
      24780.466394,
      23249.485627,
      21818.124308,
      20595.380825,
      22661.822409,
      23870.986995,
      46775.678043,
      44026.151995,
      38128.552895,
      35009.724477,
      34776.807273,
      31929.001841,
      29639.574134,
      27149.533788,
      29859.235063,
      30838.556352,
      26452.377559,
      29848.936433,
      26973.52659,
      27753.705714,
      27688.075214
    ],
    [
      39056.741193,
      29868.355229,
      23797.709599,
      18688.955911,
      17901.057025,
      28766.668759,
      21204.440306,
      14347.417881,
      9640.92691,
      4278.12105,
      0.0,
      9977.781116,
      14471.190381,
      17101.444566,
      21267.652323,
      29364.792095,
      24564.409612,
      20538.739258,
      19979.22765,
      16188.340895,
      13396.758333,
      12680.014848,
      11614.746591,
      7585.656727,
      9839.536926,
      9186.765478,
      9737.379437,
      7026.296013,
      7564.961085,
      15077.522352,
      30099.504502,
      28126.595382,
      27058.78597,
      22042.935311,
      18761.923778,
      16398.762227,
      16619.639424,
      15089.448679,
      14562.487018,
      13780.04066,
      14243.302014,
      14383.57256,
      15193.016819,
      17008.456681,
      16038.677135,
      33966.210063,
      26357.562816,
      26188.936018,
      27102.075456,
      27443.280156,
      22436.767887,
      25523.218511,
      22121.811205,
      21826.966182,
      22870.536846,
      21158.447216,
      19386.75208,
      17566.351411,
      19235.654724,
      19893.522482,
      47376.25213,
      44444.881413,
      37954.080892,
      34612.948725,
      34002.711811,
      30814.302979,
      27990.85422,
      25391.803396,
      27972.961584,
      28842.208363,
      24439.381111,
      27585.657576,
      24572.365566,
      25151.94236,
      24905.032387
    ],
    [
      44497.098562,
      38072.440675,
      32626.266509,
      27204.929548,
      26002.80166,
      30663.928469,
      25897.942403,
      23102.062316,
      16949.653694,
      11917.195729,
      9977.781116,
      0.0,
      4538.347102,
      7383.774732,
      11336.24721,
      39210.423326,
      34385.640566,
      30468.013018,
      29956.853012,
      26111.276755,
      23082.707475,
      22657.482465,
      21549.271472,
      17548.269369,
      19105.496789,
      18158.198132,
      17424.22205,
      14270.929248,
      14509.294302,
      15251.04994,
      40026.605256,
      38104.158432,
      36989.910045,
      31958.054889,
      28447.191374,
      25881.164111,
      25713.418597,
      24190.630184,
      23064.894854,
      21833.988547,
      21816.006254,
      20629.51443,
      19278.003409,
      20340.137414,
      18390.025914,
      43831.095431,
      36118.298748,
      35833.809056,
      36600.28761,
      36695.029056,
      31658.150727,
      34296.941452,
      30932.059774,
      30511.614361,
      31321.324321,
      29445.797715,
      27277.347503,
      24498.777727,
      25015.093844,
      23366.395493,
      57311.831635,
      54341.889457,
      47641.69129,
      44199.696253,
      43344.789995,
      39916.774713,
      36604.896024,
      33945.732418,
      36297.442678,
      36996.062735,
      32703.573461,
      35382.674644,
      32258.274012,
      32465.290717,
      31879.028713
    ],
    [
      46857.945233,
      41656.735959,
      36512.662545,
      31026.495024,
      29693.333745,
      31810.983437,
      28352.849125,
      27067.165239,
      20658.516691,
      16013.002683,
      14471.190381,
      4538.347102,
      0.0,
      4119.386598,
      6803.242439,
      43553.686129,
      38720.642912,
      34882.617295,
      34435.380187,
      30526.952095,
      27385.779019,
      27145.122684,
      26068.317255,
      22054.473467,
      23626.559843,
      22659.950429,
      21789.548025,
      18654.19544,
      18849.733871,
      17948.384947,
      44430.663647,
      42587.969831,
      41512.926514,
      36484.696246,
      32984.176294,
      30407.23163,
      30198.916414,
      28681.414313,
      27480.934764,
      26191.932136,
      26093.822042,
      24676.248483,
      22871.045577,
      23680.216028,
      21547.00493,
      48366.566599,
      40656.509042,
      40366.965386,
      41119.809582,
      41182.149067,
      36147.854139,
      38708.408051,
      35359.924502,
      34919.34202,
      35683.041513,
      33785.794629,
      31555.487073,
      28612.771323,
      28854.584238,
      26623.92236,
      61834.5687,
      58873.965452,
      52175.75902,
      48725.569222,
      47839.298577,
      44375.709049,
      40979.233857,
      38316.852985,
      40613.157649,
      41271.888501,
      37022.144493,
      39585.565132,
      36455.501072,
      36575.043168,
      35912.332573
    ],
    [
      50950.827461,
      45360.938836,
      40000.215417,
      34563.703481,
      33322.036346,
      35891.870048,
      32420.459273,
      30482.688517,
      24261.604862,
      19300.968644,
      17101.444566,
      7383.774732,
      4119.386598,
      0.0,
      5895.777047,
      46457.737768,
      41646.874199,
      37636.359629,
      36987.805295,
      33288.784269,
      30388.456513,
      29688.95765,
      28453.524492,
      24544.991945,
      25486.717655,
      24406.409672,
      23055.891922,
      20044.742239,
      20122.386016,
      16951.093545,
      47195.183785,
      45097.807696,
      43801.135922,
      38756.805616,
      34965.750911,
      32245.287293,
      31772.755789,
      30296.307403,
      28807.920939,
      27360.614167,
      27059.358206,
      25197.261209,
      22734.837352,
      23192.138293,
      20903.424396,
      50486.740356,
      42656.947976,
      42234.535778,
      42836.146258,
      42690.422494,
      37697.998728,
      39918.968408,
      36651.449116,
      36144.477474,
      36758.702902,
      34816.148881,
      32448.5919,
      29189.645229,
      28949.665746,
      25962.187439,
      64085.656713,
      61029.492698,
      54019.742549,
      50472.518742,
      49359.47221,
      45736.029737,
      42055.538681,
      39400.691437,
      41524.467556,
      42076.088817,
      37966.884644,
      40230.315005,
      37113.342006,
      37049.436728,
      36246.693712
    ],
    [
      51270.202779,
      47547.131139,
      42748.767039,
      37229.276208,
      35778.188566,
      34956.143488,
      33160.282988,
      33432.028582,
      26864.877409,
      22577.026151,
      21267.652323,
      11336.24721,
      6803.242439,
      5895.777047,
      0.0,
      50219.871961,
      45384.240031,
      41616.84302,
      41216.204927,
      37265.532554,
      34041.075681,
      33933.494499,
      32870.346436,
      28852.793821,
      30377.235298,
      29381.944362,
      28345.237635,
      25246.716295,
      25395.405656,
      22846.330209,
      51150.214407,
      49370.491483,
      48315.515885,
      43287.878665,
      39766.856862,
      37163.154985,
      36887.389191,
      35379.596004,
      34077.966837,
      32719.413071,
      32524.305751,
      30848.38589,
      28563.201227,
      29072.33963,
      26792.936191,
      55167.342489,
      47445.488839,
      47136.452631,
      47858.677826,
      47863.514589,
      42837.126294,
      45276.84257,
      41957.157276,
      41488.789362,
      42187.1753,
      40265.310862,
      37961.483233,
      34830.663254,
      34741.047756,
      31855.959061,
      68636.90305,
      65676.758399,
      58946.379833,
      55475.845466,
      54529.519748,
      51009.284972,
      47490.61484,
      44828.494646,
      47042.615288,
      47644.545337,
      43464.133548,
      45863.82498,
      42737.394155,
      42742.139833,
      41984.029918
    ],
    [
      31285.412805,
      14845.356371,
      11574.578561,
      15526.538102,
      17462.502113,
      36539.669961,
      27149.344833,
      17687.875928,
      24267.013512,
      27669.268699,
      29364.792095,
      39210.423326,
      43553.686129,
      46457.737768,
