{
  "instance_name": "cab50_loose_q5",
  "source_prefix": "cab50",
  "benchmark_version": "unified_hlrp_v2",
  "modeling_choices": {
    "single_allocation": true,
    "use_hub_capacity": true,
    "use_hub_fixed_cost": true,
    "use_vehicle_capacity": false,
    "use_karimi_covering_timebound": false,
    "local_tours": "closed tours starting and ending at the same hub",
    "route_cardinality_bound_q": 5,
    "candidate_hubs": "all nodes",
    "assignment_cost_mode": "normalized_throughput_distance",
    "objective_terms": [
      "hub_fixed_cost",
      "local_route_cost",
      "assignment_cost",
      "inter_hub_flow_cost",
      "vehicle_fixed_cost"
    ]
  },
  "parameters": {
    "alpha": 0.75,
    "cap_type": "loose",
    "cost_type": "loose",
    "q": 5,
    "vehicle_fixed_cost": 0.0,
    "keep_diag_flow": false,
    "assignment_weight": 1.0,
    "throughput_normalization_mean": 104784.08,
    "ap_meta_collect": null,
    "ap_meta_transfer": null,
    "ap_meta_distribute": null,
    "ap_meta_p": null,
    "source_parameter_rule": "source_neutral_normflow_v2",
    "source_parameter_note": "Non-AP OD flows are scaled to an AP-like total flow. Hub fixed costs and capacities are recomputed from the normalized throughput and flow-weighted distance.",
    "original_total_flow_before_normalization": 2619602.0,
    "target_total_flow_after_normalization": 3800.0,
    "normflow_weighted_distance": 553.2192730040671,
    "normflow_target_hubs": 7.0,
    "setting": "loose",
    "source_cap_code": "L",
    "source_cost_code": "L"
  },
  "summary": {
    "n_nodes": 50,
    "n_candidate_hubs": 50,
    "total_flow": 3800.0,
    "total_outbound": 3800.0,
    "total_inbound": 3800.0,
    "avg_nonzero_distance": 804.2546938775511,
    "avg_nonzero_flow": 1.568951279933939,
    "avg_throughput": 152.0,
    "min_hub_fixed_cost": 2598.6578592625924,
    "max_hub_fixed_cost": 3526.7713101830736,
    "min_hub_capacity": 868.5714285714287,
    "max_hub_capacity": 1520.0
  },
  "nodes": [
    {
      "id": 0,
      "x": 0.158767,
      "y": 0.091206
    },
    {
      "id": 1,
      "x": 0.2883159999999999,
      "y": 0.170345
    },
    {
      "id": 2,
      "x": -0.3321179999999999,
      "y": -0.08885
    },
    {
      "id": 3,
      "x": 0.272907,
      "y": 0.1104769999999999
    },
    {
      "id": 4,
      "x": 0.13317,
      "y": -0.101001
    },
    {
      "id": 5,
      "x": 0.1856539999999999,
      "y": -0.098696
    },
    {
      "id": 6,
      "x": -0.143625,
      "y": -0.212617
    },
    {
      "id": 7,
      "x": -0.586853,
      "y": -0.044063
    },
    {
      "id": 8,
      "x": 0.259502,
      "y": 0.068424
    },
    {
      "id": 9,
      "x": -0.000521,
      "y": -0.197828
    },
    {
      "id": 10,
      "x": -0.062184,
      "y": -0.2169969999999999
    },
    {
      "id": 11,
      "x": 0.252847,
      "y": 0.1463539999999999
    },
    {
      "id": 12,
      "x": 0.085453,
      "y": -0.109445
    },
    {
      "id": 13,
      "x": 0.342489,
      "y": 0.172925
    },
    {
      "id": 14,
      "x": 0.312769,
      "y": 0.134922
    },
    {
      "id": 15,
      "x": 0.197964,
      "y": 0.152063
    },
    {
      "id": 16,
      "x": 0.2289719999999999,
      "y": -0.100458
    },
    {
      "id": 17,
      "x": 0.168954,
      "y": 0.027282
    },
    {
      "id": 18,
      "x": 0.19794,
      "y": -0.048516
    },
    {
      "id": 19,
      "x": 0.111617,
      "y": -0.068894
    },
    {
      "id": 20,
      "x": 0.036123,
      "y": 0.0956409999999999
    },
    {
      "id": 21,
      "x": 0.1059599999999999,
      "y": 0.033373
    },
    {
      "id": 22,
      "x": 0.1502079999999999,
      "y": 0.103465
    },
    {
      "id": 23,
      "x": -0.288136,
      "y": 0.005843
    },
    {
      "id": 24,
      "x": 0.2005809999999999,
      "y": -0.081083
    },
    {
      "id": 25,
      "x": 0.136315,
      "y": 0.062883
    },
    {
      "id": 26,
      "x": -0.137316,
      "y": -0.275971
    },
    {
      "id": 27,
      "x": -0.122144,
      "y": -0.147272
    },
    {
      "id": 28,
      "x": 0.1111839999999999,
      "y": 0.056009
    },
    {
      "id": 29,
      "x": -0.289939,
      "y": 0.030815
    },
    {
      "id": 30,
      "x": -0.074285,
      "y": 0.076317
    },
    {
      "id": 31,
      "x": 0.119899,
      "y": 0.119797
    },
    {
      "id": 32,
      "x": -0.057822,
      "y": 0.2114739999999999
    },
    {
      "id": 33,
      "x": -0.332308,
      "y": -0.171232
    },
    {
      "id": 34,
      "x": 0.176557,
      "y": 0.12468
    },
    {
      "id": 35,
      "x": 0.053561,
      "y": -0.000544
    },
    {
      "id": 36,
      "x": 0.106425,
      "y": 0.134102
    },
    {
      "id": 37,
      "x": 0.087975,
      "y": 0.080111
    },
    {
      "id": 38,
      "x": -0.5931,
      "y": -0.0059759999999999
    },
    {
      "id": 39,
      "x": 0.074478,
      "y": 0.126657
    },
    {
      "id": 40,
      "x": 0.2135409999999999,
      "y": -0.022711
    },
    {
      "id": 41,
      "x": 0.1734619999999999,
      "y": -0.0614809999999999
    },
    {
      "id": 42,
      "x": 0.250413,
      "y": 0.093067
    },
    {
      "id": 43,
      "x": 0.314423,
      "y": 0.156506
    },
    {
      "id": 44,
      "x": -0.090377,
      "y": -0.2222579999999999
    },
    {
      "id": 45,
      "x": 0.071976,
      "y": 0.04555
    },
    {
      "id": 46,
      "x": 0.018442,
      "y": -0.150809
    },
    {
      "id": 47,
      "x": 0.206384,
      "y": -0.1705799999999999
    },
    {
      "id": 48,
      "x": -0.088621,
      "y": 0.014086
    },
    {
      "id": 49,
      "x": 0.133113,
      "y": -0.045392
    }
  ],
  "hub_fixed_cost": [
    2622.7997353935725,
    2843.9795914072342,
    2959.5592813355715,
    2748.521758775237,
    2966.8299922921906,
    2686.2593972272575,
    2869.08501407059,
    3001.487339359782,
    2871.822514289822,
    2766.932556824519,
    2797.3845159436573,
    2736.177238785321,
    2708.4447914258517,
    3179.153249650266,
    2782.3099216422474,
    2813.214401003161,
    2737.7965827795315,
    2599.355220083303,
    2707.601300246366,
    2622.6310094440164,
    3526.7713101830736,
    2696.5729344767124,
    2891.828578136717,
    2896.215291275991,
    2698.047748271755,
    2670.652530836941,
    2890.8060437452964,
    3138.4520667890024,
    2647.083026123322,
    3093.950132905023,
    2767.7654784115716,
    2995.255271372638,
    2803.060676320282,
    2968.75497445629,
    2656.9773199429746,
    2602.980853656222,
    2645.769352759088,
    2598.6578592625924,
    3009.202748043557,
    2664.590585230384,
    2676.617870733658,
    2631.8431382737904,
    2720.2901136040186,
    2914.990668455738,
    3053.6135809217894,
    2702.12228535974,
    2735.251079472708,
    2836.460912896068,
    2902.6242176596056,
    2620.3367264388467
  ],
  "hub_capacity": [
    883.5551003518431,
    914.1881532145152,
    911.1172525872203,
    883.9527387938837,
    1108.4382553577432,
    885.5149961935115,
    898.7621645154264,
    868.5714285714287,
    997.468833659876,
    880.1118790859333,
    874.0609240671655,
    872.2052780043092,
    917.5747817433555,
    1122.8634461802353,
    869.5483979271539,
    955.1344877668176,
    893.1773549362042,
    881.6711579204522,
    923.2980946001425,
    887.48829557817,
    1520.0,
    972.5888793050799,
    1073.3254405712576,
    887.2500103694565,
    896.598236963797,
    941.8471088159323,
    889.1860776902535,
    1128.6210125357748,
    931.6648839910945,
    1027.9410440066665,
    908.1267732178661,
    1140.6067585340627,
    874.0668811973833,
    907.5742493901619,
    874.9604507300588,
    888.60376821146,
    874.2232558656016,
    881.6488186821354,
    872.9186443478952,
    889.9068904466118,
    896.4895193373216,
    878.7372712881674,
    889.0654458033423,
    955.8865754568195,
    1047.5802130523207,
    966.4634601585891,
    894.6502553825644,
    928.1263486416992,
    1008.4433568036861,
    896.4537765560146
  ],
  "outbound_flow": [
    17.66543161900167,
    47.50286493902509,
    44.51172353662884,
    18.052742363152877,
    236.70778996198658,
    19.57442390103535,
    32.47752902921894,
    3.0709245144873156,
    128.62053090507644,
    14.311639707100543,
    8.417843626627253,
    6.610393487254934,
    50.80153397348147,
    250.75832130224362,
    4.022519451428119,
    87.38571737233367,
    27.03777138664576,
    15.830420040906978,
    56.37619760559047,
    21.49647160141121,
    637.5802125666419,
    104.38677325792237,
    202.50694571160045,
    21.26437527532808,
    30.369804267976587,
    74.44344598912352,
    23.150157924753458,
    256.36634878122703,
    64.52567985518411,
    158.30129920499374,
    41.598914644285664,
    268.0407939832081,
    8.42364603477933,
    41.060741288180424,
    9.29400725759104,
    22.582972527887826,
    8.575959248771378,
    15.808661010336687,
    7.3052318634662825,
    23.8522493111549,
    30.263910319201166,
    12.972734026008533,
    23.032659159673873,
    88.1182714015335,
    177.43038828035708,
    98.42044707554813,
    28.472416802247057,
    61.07904941284975,
    139.31001732324225,
    30.229095870288692
  ],
  "inbound_flow": [
    17.66543161900167,
    47.50286493902511,
    44.51172353662884,
    18.052742363152873,
    236.70778996198655,
    19.574423901035345,
    32.47752902921893,
    3.0709245144873147,
    128.62053090507644,
    14.311639707100548,
    8.417843626627251,
    6.610393487254937,
    50.801533973481476,
    250.75832130224364,
    4.022519451428119,
    87.38571737233367,
    27.03777138664577,
    15.830420040906976,
    56.37619760559048,
    21.496471601411212,
    637.5802125666418,
    104.38677325792239,
    202.50694571160048,
    21.26437527532809,
    30.369804267976587,
    74.4434459891235,
    23.150157924753454,
    256.36634878122703,
    64.5256798551841,
    158.30129920499374,
    41.59891464428566,
    268.04079398320823,
    8.42364603477933,
    41.06074128818042,
    9.294007257591039,
    22.58297252788782,
    8.57595924877138,
    15.808661010336687,
    7.305231863466286,
    23.852249311154903,
    30.263910319201145,
    12.97273402600853,
    23.032659159673877,
    88.11827140153348,
    177.43038828035705,
    98.42044707554813,
    28.472416802247068,
    61.079049412849734,
    139.31001732324225,
    30.229095870288685
  ],
  "node_throughput": [
    35.33086323800334,
    95.0057298780502,
    89.02344707325769,
    36.10548472630575,
    473.41557992397316,
    39.14884780207069,
    64.95505805843787,
    6.14184902897463,
    257.24106181015287,
    28.623279414201093,
    16.835687253254505,
    13.22078697450987,
    101.60306794696294,
    501.5166426044873,
    8.045038902856238,
    174.77143474466735,
    54.07554277329153,
    31.66084008181395,
    112.75239521118095,
    42.99294320282242,
    1275.1604251332838,
    208.77354651584477,
    405.0138914232009,
    42.52875055065617,
    60.739608535953174,
    148.88689197824704,
    46.300315849506916,
    512.7326975624541,
    129.05135971036822,
    316.6025984099875,
    83.19782928857131,
    536.0815879664164,
    16.84729206955866,
    82.12148257636085,
    18.58801451518208,
    45.165945055775644,
    17.15191849754276,
    31.617322020673374,
    14.610463726932569,
    47.7044986223098,
    60.52782063840231,
    25.945468052017063,
    46.06531831934775,
    176.23654280306698,
    354.86077656071416,
    196.84089415109625,
    56.94483360449412,
    122.15809882569948,
    278.6200346464845,
    60.45819174057738
  ],
  "node_throughput_normalized": [
    0.2324398897237062,
    0.6250376965661197,
    0.5856805728503796,
    0.2375360837256957,
    3.1145761837103496,
    0.2575582092241493,
    0.42733590827919654,
    0.04040690150641204,
    1.6923754066457426,
    0.18831104877763877,
    0.11076110035035859,
    0.08697886167440705,
    0.6684412364931772,
    3.2994515960821533,
    0.05292788751879104,
    1.149812070688601,
    0.3557601498242864,
    0.20829500053824967,
    0.7417920737577695,
    0.2828483105448843,
    8.389213323245288,
    1.3735101744463472,
    2.6645650751526375,
    0.2797944115174748,
    0.399602687736534,
    0.9795190261726778,
    0.30460734111517707,
    3.3732414313319348,
    0.8490221033576857,
    2.0829118316446547,
    0.5473541400563903,
    3.526852552410634,
    0.11083744782604381,
    0.5402729116865845,
    0.12228956917882948,
    0.29714437536694505,
    0.11284156906278131,
    0.2080086975044301,
    0.09612147188771426,
    0.3138453856730908,
    0.3982093463052784,
    0.17069386876327014,
    0.303061304732551,
    1.1594509394938617,
    2.3346103721099616,
    1.2950058825730018,
    0.3746370631874613,
    0.8036717028006545,
    1.8330265437268718,
    0.39775126145116696
  ],
  "distance_matrix": [
    [
      0.0,
      414.0,
      1426.0,
      315.0,
      528.0,
      522.0,
      1169.0,
      2066.0,
      280.0,
      899.0,
      1035.0,
      297.0,
      585.0,
      549.0,
      435.0,
      197.0,
      558.0,
      176.0,
      394.0,
      454.0,
      335.0,
      214.0,
      41.0,
      1242.0,
      482.0,
      99.0,
      1286.0,
      1006.0,
      162.0,
      1236.0,
      638.0,
      132.0,
      674.0,
      1519.0,
      104.0,
      381.0,
      185.0,
      196.0,
      2068.0,
      250.0,
      343.0,
      417.0,
      249.0,
      460.0,
      1092.0,
      268.0,
      762.0,
      724.0,
      708.0,
      378.0
    ],
    [
      414.0,
      0.0,
      1833.0,
      167.0,
      852.0,
      784.0,
      1574.0,
      2454.0,
      288.0,
      1275.0,
      1425.0,
      117.0,
      946.0,
      145.0,
      115.0,
      251.0,
      759.0,
      509.0,
      645.0,
      811.0,
      717.0,
      623.0,
      419.0,
      1634.0,
      725.0,
      508.0,
      1681.0,
      1416.0,
      576.0,
      1622.0,
      1021.0,
      479.0,
      945.0,
      1932.0,
      329.0,
      793.0,
      505.0,
      599.0,
      2448.0,
      595.0,
      564.0,
      705.0,
      235.0,
      80.0,
      1488.0,
      682.0,
      1144.0,
      954.0,
      1133.0,
      725.0
    ],
    [
      1426.0,
      1833.0,
      0.0,
      1738.0,
      1269.0,
      1412.0,
      613.0,
      704.0,
      1670.0,
      950.0,
      813.0,
      1719.0,
      1138.0,
      1973.0,
      1860.0,
      1587.0,
      1528.0,
      1403.0,
      1449.0,
      1211.0,
      1122.0,
      1240.0,
      1415.0,
      280.0,
      1453.0,
      1343.0,
      734.0,
      594.0,
      1272.0,
      339.0,
      832.0,
      1357.0,
      1106.0,
      223.0,
      1504.0,
      1079.0,
      1341.0,
      1234.0,
      745.0,
      1253.0,
      1499.0,
      1381.0,
      1664.0,
      1886.0,
      751.0,
      1161.0,
      969.0,
      1484.0,
      720.0,
      1274.0
    ],
    [
      315.0,
      167.0,
      1738.0,
      0.0,
      692.0,
      618.0,
      1438.0,
      2381.0,
      121.0,
      1124.0,
      1279.0,
      120.0,
      792.0,
      258.0,
      180.0,
      232.0,
      592.0,
      364.0,
      480.0,
      659.0,
      647.0,
      503.0,
      335.0,
      1557.0,
      559.0,
      395.0,
      1537.0,
      1288.0,
      466.0,
      1551.0,
      952.0,
      417.0,
      938.0,
      1822.0,
      265.0,
      672.0,
      457.0,
      511.0,
      2383.0,
      543.0,
      398.0,
      542.0,
      79.0,
      169.0,
      1344.0,
      577.0,
      995.0,
      787.0,
      1021.0,
      572.0
    ],
    [
      528.0,
      852.0,
      1269.0,
      692.0,
      0.0,
      143.0,
      812.0,
      1969.0,
      576.0,
      449.0,
      619.0,
      749.0,
      134.0,
      946.0,
      809.0,
      712.0,
      259.0,
      363.0,
      227.0,
      106.0,
      597.0,
      373.0,
      559.0,
      1185.0,
      192.0,
      446.0,
      876.0,
      707.0,
      432.0,
      1208.0,
      743.0,
      602.0,
      998.0,
      1283.0,
      626.0,
      350.0,
      644.0,
      508.0,
      1997.0,
      640.0,
      306.0,
      154.0,
      618.0,
      859.0,
      692.0,
      432.0,
      341.0,
      276.0,
      681.0,
      152.0
    ],
    [
      522.0,
      784.0,
      1412.0,
      618.0,
      143.0,
      0.0,
      948.0,
      2111.0,
      498.0,
      573.0,
      748.0,
      692.0,
      277.0,
      861.0,
      725.0,
      683.0,
      116.0,
      346.0,
      141.0,
      218.0,
      667.0,
      420.0,
      558.0,
      1323.0,
      63.0,
      460.0,
      1002.0,
      849.0,
      467.0,
      1344.0,
      854.0,
      621.0,
      1074.0,
      1425.0,
      609.0,
      449.0,
      669.0,
      554.0,
      2138.0,
      684.0,
      220.0,
      107.0,
      551.0,
      779.0,
      823.0,
      500.0,
      477.0,
      204.0,
      808.0,
      204.0
    ],
    [
      1169.0,
      1574.0,
      613.0,
      1438.0,
      812.0,
      948.0,
      0.0,
      1288.0,
      1340.0,
      391.0,
      222.0,
      1458.0,
      681.0,
      1695.0,
      1564.0,
      1362.0,
      1055.0,
      1074.0,
      1032.0,
      798.0,
      971.0,
      955.0,
      1176.0,
      709.0,
      1003.0,
      1070.0,
      174.0,
      187.0,
      1009.0,
      769.0,
      807.0,
      1156.0,
      1179.0,
      525.0,
      1268.0,
      789.0,
      1165.0,
      1017.0,
      1343.0,
      1098.0,
      1102.0,
      956.0,
      1360.0,
      1604.0,
      147.0,
      916.0,
      472.0,
      959.0,
      634.0,
      880.0
    ],
    [
      2066.0,
      2454.0,
      704.0,
      2381.0,
      1969.0,
      2111.0,
      1288.0,
      0.0,
      2328.0,
      1649.0,
      1502.0,
      2346.0,
      1840.0,
      2599.0,
      2510.0,
      2203.0,
      2228.0,
      2070.0,
      2140.0,
      1905.0,
      1739.0,
      1901.0,
      2048.0,
      825.0,
      2149.0,
      1993.0,
      1372.0,
      1296.0,
      1922.0,
      832.0,
      1434.0,
      1976.0,
      1596.0,
      771.0,
      2130.0,
      1750.0,
      1950.0,
      1870.0,
      100.0,
      1859.0,
      2200.0,
      2074.0,
      2313.0,
      2516.0,
      1434.0,
      1813.0,
      1674.0,
      2189.0,
      1367.0,
      1963.0
    ],
    [
      280.0,
      288.0,
      1670.0,
      121.0,
      576.0,
      498.0,
      1340.0,
      2328.0,
      0.0,
      1014.0,
      1173.0,
      212.0,
      682.0,
      370.0,
      232.0,
      281.0,
      472.0,
      272.0,
      360.0,
      551.0,
      613.0,
      430.0,
      312.0,
      1504.0,
      438.0,
      336.0,
      1432.0,
      1196.0,
      406.0,
      1503.0,
      910.0,
      404.0,
      945.0,
      1742.0,
      272.0,
      593.0,
      452.0,
      468.0,
      2334.0,
      528.0,
      278.0,
      425.0,
      71.0,
      283.0,
      1240.0,
      515.0,
      888.0,
      666.0,
      961.0,
      464.0
    ],
    [
      899.0,
      1275.0,
      950.0,
      1124.0,
      449.0,
      573.0,
      391.0,
      1649.0,
      1014.0,
      0.0,
      176.0,
      1164.0,
      332.0,
      1381.0,
      1260.0,
      1096.0,
      674.0,
      767.0,
      676.0,
      465.0,
      805.0,
      693.0,
      917.0,
      958.0,
      632.0,
      802.0,
      428.0,
      358.0,
      755.0,
      1003.0,
      772.0,
      925.0,
      1126.0,
      906.0,
      1003.0,
      557.0,
      950.0,
      794.0,
      1695.0,
      906.0,
      752.0,
      601.0,
      1047.0,
      1292.0,
      254.0,
      691.0,
      138.0,
      568.0,
      624.0,
      551.0
    ],
    [
      1035.0,
      1425.0,
      813.0,
      1279.0,
      619.0,
      748.0,
      222.0,
      1502.0,
      1173.0,
      176.0,
      0.0,
      1312.0,
      495.0,
      1537.0,
      1402.0,
      1232.0,
      850.0,
      917.0,
      844.0,
      622.0,
      893.0,
      823.0,
      1049.0,
      862.0,
      806.0,
      936.0,
      259.0,
      251.0,
      882.0,
      914.0,
      799.0,
      1044.0,
      1169.0,
      745.0,
      1137.0,
      670.0,
      1063.0,
      908.0,
      1553.0,
      1008.0,
      919.0,
      769.0,
      1201.0,
      1447.0,
      78.0,
      804.0,
      285.0,
      741.0,
      633.0,
      709.0
    ],
    [
      297.0,
      117.0,
      1719.0,
      120.0,
      749.0,
      692.0,
      1458.0,
      2346.0,
      212.0,
      1164.0,
      1312.0,
      0.0,
      837.0,
      255.0,
      164.0,
      150.0,
      679.0,
      397.0,
      551.0,
      702.0,
      607.0,
      506.0,
      304.0,
      1524.0,
      635.0,
      391.0,
      1567.0,
      1299.0,
      459.0,
      1514.0,
      912.0,
      370.0,
      861.0,
      1816.0,
      216.0,
      676.0,
      400.0,
      485.0,
      2342.0,
      490.0,
      472.0,
      606.0,
      145.0,
      170.0,
      1374.0,
      565.0,
      1032.0,
      871.0,
      999.0,
      616.0
    ],
    [
      585.0,
      946.0,
      1138.0,
      792.0,
      134.0,
      277.0,
      681.0,
      1840.0,
      682.0,
      332.0,
      495.0,
      837.0,
      0.0,
      1050.0,
      913.0,
      779.0,
      391.0,
      440.0,
      351.0,
      135.0,
      576.0,
      396.0,
      609.0,
      1065.0,
      325.0,
      492.0,
      754.0,
      573.0,
      459.0,
      1091.0,
      668.0,
      634.0,
      960.0,
      1149.0,
      688.0,
      312.0,
      669.0,
      519.0,
      1870.0,
      646.0,
      424.0,
      276.0,
      716.0,
      961.0,
      566.0,
      426.0,
      212.0,
      370.0,
      581.0,
      221.0
    ],
    [
      549.0,
      145.0,
      1973.0,
      258.0,
      946.0,
      861.0,
      1695.0,
      2599.0,
      370.0,
      1381.0,
      1537.0,
      255.0,
      1050.0,
      0.0,
      137.0,
      396.0,
      616.0,
      622.0,
      727.0,
      917.0,
      860.0,
      752.0,
      558.0,
      1778.0,
      800.0,
      640.0,
      1795.0,
      1543.0,
      709.0,
      1766.0,
      1165.0,
      623.0,
      1086.0,
      2068.0,
      471.0,
      922.0,
      650.0,
      739.0,
      2593.0,
      740.0,
      645.0,
      794.0,
      337.0,
      91.0,
      1603.0,
      817.0,
      1254.0,
      1013.0,
      1254.0,
      830.0
    ],
    [
      435.0,
      115.0,
      1860.0,
      180.0,
      809.0,
      725.0,
      1564.0,
      2510.0,
      232.0,
      1260.0,
      1402.0,
      164.0,
      913.0,
      137.0,
      0.0,
      314.0,
      686.0,
      490.0,
      590.0,
      781.0,
      760.0,
      628.0,
      450.0,
      1675.0,
      663.0,
      519.0,
      1660.0,
      1414.0,
      590.0,
      1667.0,
      1066.0,
      525.0,
      1050.0,
      1900.0,
      371.0,
      798.0,
      565.0,
      630.0,
      2550.0,
      595.0,
      508.0,
      657.0,
      204.0,
      50.0,
      1469.0,
      700.0,
      1100.0,
      881.0,
      1142.0,
      694.0
    ],
    [
      197.0,
      251.0,
      1587.0,
      232.0,
      712.0,
      683.0,
      1362.0,
      2203.0,
      281.0,
      1096.0,
      1232.0,
      150.0,
      779.0,
      396.0,
      314.0,
      0.0,
      696.0,
      349.0,
      546.0,
      646.0,
      467.0,
      410.0,
      186.0,
      1384.0,
      634.0,
      296.0,
      1482.0,
      1196.0,
      353.0,
      1371.0,
      771.0,
      230.0,
      712.0,
      1694.0,
      95.0,
      573.0,
      254.0,
      359.0,
      2198.0,
      344.0,
      477.0,
      585.0,
      214.0,
      317.0,
      1289.0,
      450.0,
      960.0,
      878.0,
      868.0,
      566.0
    ],
    [
      558.0,
      759.0,
      1528.0,
      592.0,
      259.0,
      116.0,
      1055.0,
      2228.0,
      472.0,
      674.0,
      850.0,
      679.0,
      391.0,
      616.0,
      686.0,
      696.0,
      0.0,
      387.0,
      168.0,
      331.0,
      750.0,
      497.0,
      598.0,
      1438.0,
      95.0,
      514.0,
      1100.0,
      962.0,
      535.0,
      1459.0,
      957.0,
      672.0,
      1156.0,
      1539.0,
      633.0,
      551.0,
      723.0,
      625.0,
      2255.0,
      750.0,
      220.0,
      186.0,
      535.0,
      742.0,
      926.0,
      585.0,
      587.0,
      195.0,
      920.0,
      302.0
    ],
    [
      176.0,
      509.0,
      1403.0,
      364.0,
      363.0,
      346.0,
      1074.0,
      2070.0,
      272.0,
      767.0,
      917.0,
      397.0,
      440.0,
      622.0,
      490.0,
      349.0,
      387.0,
      0.0,
      221.0,
      305.0,
      406.0,
      173.0,
      213.0,
      1248.0,
      307.0,
      131.0,
      1174.0,
      926.0,
      176.0,
      1252.0,
      676.0,
      284.0,
      795.0,
      1471.0,
      266.0,
      324.0,
      336.0,
      263.0,
      2081.0,
      373.0,
      182.0,
      242.0,
      286.0,
      532.0,
      981.0,
      269.0,
      635.0,
      548.0,
      703.0,
      221.0
    ],
    [
      394.0,
      645.0,
      1449.0,
      480.0,
      227.0,
      141.0,
      1032.0,
      2140.0,
      360.0,
      676.0,
      844.0,
      551.0,
      351.0,
      727.0,
      590.0,
      546.0,
      168.0,
      221.0,
      0.0,
      242.0,
      589.0,
      335.0,
      433.0,
      1334.0,
      89.0,
      346.0,
      1102.0,
      913.0,
      369.0,
      1348.0,
      816.0,
      504.0,
      992.0,
      1484.0,
      475.0,
      415.0,
      555.0,
      460.0,
      2161.0,
      583.0,
      82.0,
      75.0,
      411.0,
      643.0,
      917.0,
      428.0,
      563.0,
      333.0,
      799.0,
      177.0
    ],
    [
      454.0,
      811.0,
      1211.0,
      659.0,
      106.0,
      218.0,
      798.0,
      1905.0,
      551.0,
      465.0,
      622.0,
      702.0,
      135.0,
      917.0,
      781.0,
      646.0,
      331.0,
      305.0,
      242.0,
      0.0,
      492.0,
      278.0,
      481.0,
      1109.0,
      245.0,
      365.0,
      881.0,
      672.0,
      339.0,
      1128.0,
      642.0,
      514.0,
      892.0,
      1242.0,
      556.0,
      244.0,
      553.0,
      410.0,
      1929.0,
      541.0,
      305.0,
      170.0,
      582.0,
      829.0,
      691.0,
      329.0,
      338.0,
      380.0,
      590.0,
      87.0
    ],
    [
      335.0,
      717.0,
      1122.0,
      647.0,
      597.0,
      667.0,
      971.0,
      1739.0,
      613.0,
      805.0,
      893.0,
      607.0,
      576.0,
      860.0,
      760.0,
      467.0,
      750.0,
      406.0,
      589.0,
      492.0,
      0.0,
      254.0,
      312.0,
      918.0,
      657.0,
      287.0,
      1117.0,
      790.0,
      231.0,
      907.0,
      306.0,
      238.0,
      407.0,
      1240.0,
      391.0,
      265.0,
      219.0,
      148.0,
      1737.0,
      134.0,
      580.0,
      567.0,
      584.0,
      777.0,
      932.0,
      167.0,
      672.0,
      860.0,
      407.0,
      465.0
    ],
    [
      214.0,
      623.0,
      1240.0,
      503.0,
      373.0,
      420.0,
      955.0,
      1901.0,
      430.0,
      693.0,
      823.0,
      506.0,
      396.0,
      752.0,
      628.0,
      410.0,
      497.0,
      173.0,
      335.0,
      278.0,
      254.0,
      0.0,
      226.0,
      1078.0,
      404.0,
      116.0,
      1072.0,
      793.0,
      63.0,
      1081.0,
      505.0,
      238.0,
      659.0,
      1319.0,
      315.0,
      170.0,
      275.0,
      136.0,
      1910.0,
      268.0,
      330.0,
      316.0,
      427.0,
      661.0,
      879.0,
      98.0,
      555.0,
      619.0,
      533.0,
      226.0
    ],
    [
      41.0,
      419.0,
      1415.0,
      335.0,
      559.0,
      558.0,
      1176.0,
      2048.0,
      312.0,
      917.0,
      1049.0,
      304.0,
      609.0,
      558.0,
      450.0,
      186.0,
      598.0,
      213.0,
      433.0,
      481.0,
      312.0,
      226.0,
      0.0,
      1225.0,
      520.0,
      117.0,
      1297.0,
      1010.0,
      168.0,
      1217.0,
      617.0,
      94.0,
      637.0,
      1514.0,
      93.0,
      387.0,
      145.0,
      181.0,
      2048.0,
      216.0,
      383.0,
      453.0,
      274.0,
      471.0,
      1104.0,
      266.0,
      780.0,
      761.0,
      696.0,
      408.0
    ],
    [
      1242.0,
      1634.0,
      280.0,
      1557.0,
      1185.0,
      1323.0,
      709.0,
      825.0,
      1504.0,
      958.0,
      862.0,
      1524.0,
      1065.0,
      1778.0,
      1675.0,
      1384.0,
      1438.0,
      1248.0,
      1334.0,
      1109.0,
      918.0,
      1078.0,
      1225.0,
      0.0,
      1354.0,
      1168.0,
      867.0,
      613.0,
      1098.0,
      67.0,
      614.0,
      1155.0,
      842.0,
      492.0,
      1308.0,
      932.0,
      1132.0,
      1046.0,
      832.0,
      1041.0,
      1370.0,
      1272.0,
      1488.0,
      1694.0,
      820.0,
      988.0,
      937.0,
      1431.0,
      545.0,
      1157.0
    ],
    [
      482.0,
      725.0,
      1453.0,
      559.0,
      192.0,
      63.0,
      1003.0,
      2149.0,
      438.0,
      632.0,
      806.0,
      635.0,
      325.0,
      800.0,
      663.0,
      634.0,
      95.0,
      307.0,
      89.0,
      245.0,
      657.0,
      404.0,
      520.0,
      1354.0,
      0.0,
      429.0,
      1061.0,
      898.0,
      445.0,
      1372.0,
      863.0,
      589.0,
      1063.0,
      1473.0,
      564.0,
      457.0,
      639.0,
      535.0,
      2174.0,
      661.0,
      163.0,
      91.0,
      493.0,
      718.0,
      880.0,
      491.0,
      531.0,
      244.0,
      830.0,
      208.0
    ],
    [
      99.0,
      508.0,
      1343.0,
      395.0,
      446.0,
      460.0,
      1070.0,
      1993.0,
      336.0,
      802.0,
      936.0,
      391.0,
      492.0,
      640.0,
      519.0,
      296.0,
      514.0,
      131.0,
      346.0,
      365.0,
      287.0,
      116.0,
      117.0,
      1168.0,
      429.0,
      0.0,
      1187.0,
      908.0,
      71.0,
      1167.0,
      575.0,
      161.0,
      665.0,
      1429.0,
      202.0,
      284.0,
      210.0,
      139.0,
      1998.0,
      242.0,
      313.0,
      353.0,
      322.0,
      550.0,
      993.0,
      182.0,
      665.0,
      663.0,
      628.0,
      295.0
    ],
    [
      1286.0,
      1681.0,
      734.0,
      1537.0,
      876.0,
      1002.0,
      174.0,
      1372.0,
      1432.0,
      428.0,
      259.0,
      1567.0,
      754.0,
      1795.0,
      1660.0,
      1482.0,
      1100.0,
      1174.0,
      1102.0,
      881.0,
      1117.0,
      1072.0,
      1297.0,
      867.0,
      1061.0,
      1187.0,
      0.0,
      353.0,
      1130.0,
      928.0,
      973.0,
      1286.0,
      1346.0,
      601.0,
      1388.0,
      913.0,
      1300.0,
      1148.0,
      1436.0,
      1239.0,
      1178.0,
      1027.0,
      1459.0,
      1705.0,
      194.0,
      1045.0,
      544.0,
      976.0,
      800.0,
      967.0
    ],
    [
      1006.0,
      1416.0,
      594.0,
      1288.0,
      707.0,
      849.0,
      187.0,
      1296.0,
      1196.0,
      358.0,
      251.0,
      1299.0,
      573.0,
      1543.0,
      1414.0,
      1196.0,
      962.0,
      926.0,
      913.0,
      672.0,
      790.0,
      793.0,
      1010.0,
      613.0,
      898.0,
      908.0,
      353.0,
      0.0,
      844.0,
      664.0,
      621.0,
      983.0,
      994.0,
      576.0,
      1102.0,
      624.0,
      989.0,
      844.0,
      1338.0,
      918.0,
      976.0,
      839.0,
      1210.0,
      1452.0,
      222.0,
      746.0,
      383.0,
      897.0,
      448.0,
      749.0
    ],
    [
      162.0,
      576.0,
      1272.0,
      466.0,
      432.0,
      467.0,
      1009.0,
      1922.0,
      406.0,
      755.0,
      882.0,
      459.0,
      459.0,
      709.0,
      590.0,
      353.0,
      535.0,
      176.0,
      369.0,
      339.0,
      231.0,
      63.0,
      168.0,
      1098.0,
      445.0,
      71.0,
      1130.0,
      844.0,
      0.0,
      1097.0,
      509.0,
      175.0,
      625.0,
      1359.0,
      259.0,
      220.0,
      213.0,
      95.0,
      1928.0,
      217.0,
      351.0,
      361.0,
      393.0,
      619.0,
      937.0,
      111.0,
      617.0,
      669.0,
      557.0,
      282.0
    ],
    [
      1236.0,
      1622.0,
      339.0,
      1551.0,
      1208.0,
      1344.0,
      769.0,
      832.0,
      1503.0,
      1003.0,
      914.0,
      1514.0,
      1091.0,
      1766.0,
      1667.0,
      1371.0,
      1459.0,
      1252.0,
      1348.0,
      1128.0,
      907.0,
      1081.0,
      1217.0,
      67.0,
      1372.0,
      1167.0,
      928.0,
      664.0,
      1097.0,
      0.0,
      602.0,
      1144.0,
      803.0,
      555.0,
      1298.0,
      941.0,
      1118.0,
      1040.0,
      832.0,
      1027.0,
      1381.0,
      1289.0,
      1484.0,
      1684.0,
      875.0,
      989.0,
      973.0,
      1460.0,
      552.0,
      1172.0
    ],
    [
      638.0,
      1021.0,
      832.0,
      952.0,
      743.0,
      854.0,
      807.0,
      1434.0,
      910.0,
      772.0,
      799.0,
      912.0,
      668.0,
      1165.0,
      1066.0,
      771.0,
      957.0,
      676.0,
      816.0,
      642.0,
      306.0,
      505.0,
      617.0,
      614.0,
      863.0,
      575.0,
      973.0,
      621.0,
      509.0,
      602.0,
      0.0,
      543.0,
      374.0,
      973.0,
      697.0,
      406.0,
      518.0,
      443.0,
      1431.0,
      428.0,
      829.0,
      772.0,
      886.0,
      1082.0,
      814.0,
      407.0,
      666.0,
      1018.0,
      174.0,
      655.0
    ],
    [
      132.0,
      479.0,
      1357.0,
      417.0,
      602.0,
      621.0,
      1156.0,
      1976.0,
      404.0,
      925.0,
      1044.0,
      370.0,
      634.0,
      623.0,
      525.0,
      230.0,
      672.0,
      284.0,
      504.0,
      514.0,
      238.0,
      238.0,
      94.0,
      1155.0,
      589.0,
      161.0,
      1286.0,
      983.0,
      175.0,
      1144.0,
      543.0,
      0.0,
      543.0,
      1466.0,
      155.0,
      374.0,
      53.0,
      139.0,
      1973.0,
      126.0,
      463.0,
      514.0,
      362.0,
      540.0,
      1095.0,
      241.0,
      787.0,
      824.0,
      638.0,
      451.0
    ],
    [
      674.0,
      945.0,
      1106.0,
      938.0,
      998.0,
      1074.0,
      1179.0,
      1596.0,
      945.0,
      1126.0,
      1169.0,
      861.0,
      960.0,
      1086.0,
      1050.0,
      712.0,
      1156.0,
      795.0,
      992.0,
      892.0,
      407.0,
      659.0,
      637.0,
      842.0,
      1063.0,
      665.0,
      1346.0,
      994.0,
      625.0,
      803.0,
      374.0,
      543.0,
      0.0,
      1282.0,
      678.0,
      652.0,
      493.0,
      534.0,
      1571.0,
      426.0,
      975.0,
      974.0,
      896.0,
      1020.0,
      1187.0,
      574.0,
      1009.0,
      1266.0,
      546.0,
      871.0
    ],
    [
      1519.0,
      1932.0,
      223.0,
      1822.0,
      1283.0,
      1425.0,
      525.0,
      771.0,
      1742.0,
      906.0,
      745.0,
      1816.0,
      1149.0,
      2068.0,
      1900.0,
      1694.0,
      1539.0,
      1471.0,
      1484.0,
      1242.0,
      1240.0,
      1319.0,
      1514.0,
      492.0,
      1473.0,
      1429.0,
      601.0,
      576.0,
      1359.0,
      555.0,
      973.0,
      1466.0,
      1282.0,
      0.0,
      1605.0,
      1151.0,
      1457.0,
      1335.0,
      835.0,
      1373.0,
      1542.0,
      1411.0,
      1746.0,
      1978.0,
      673.0,
      1251.0,
      957.0,
      1467.0,
      834.0,
      1315.0
    ],
    [
      104.0,
      329.0,
      1504.0,
      265.0,
      626.0,
      609.0,
      1268.0,
      2130.0,
      272.0,
      1003.0,
      1137.0,
      216.0,
      688.0,
      471.0,
      371.0,
      95.0,
      633.0,
      266.0,
      475.0,
      556.0,
      391.0,
      315.0,
      93.0,
      1308.0,
      564.0,
      202.0,
      1388.0,
      1102.0,
      259.0,
      1298.0,
      697.0,
      155.0,
      678.0,
      1605.0,
      0.0,
      479.0,
      192.0,
      271.0,
      2127.0,
      279.0,
      416.0,
      507.0,
      218.0,
      386.0,
      1194.0,
      358.0,
      866.0,
      808.0,
      784.0,
      479.0
    ],
    [
      381.0,
      793.0,
      1079.0,
      672.0,
      350.0,
      449.0,
      789.0,
      1750.0,
      593.0,
      557.0,
      670.0,
      676.0,
      312.0,
      922.0,
      798.0,
      573.0,
      551.0,
      324.0,
      415.0,
      244.0,
      265.0,
      170.0,
      387.0,
      932.0,
      457.0,
      284.0,
      913.0,
      624.0,
      220.0,
      941.0,
      406.0,
      374.0,
      652.0,
      1151.0,
      479.0,
      0.0,
      394.0,
      238.0,
      1764.0,
      351.0,
      440.0,
      367.0,
      595.0,
      831.0,
      721.0,
      135.0,
      420.0,
      624.0,
      389.0,
      249.0
    ],
    [
      185.0,
      505.0,
      1341.0,
      457.0,
      644.0,
      669.0,
      1165.0,
      1950.0,
      452.0,
      950.0,
      1063.0,
      400.0,
      669.0,
      650.0,
      565.0,
      254.0,
      723.0,
      336.0,
      555.0,
      553.0,
      219.0,
      275.0,
      145.0,
      1132.0,
      639.0,
      210.0,
      1300.0,
      989.0,
      213.0,
      1118.0,
      518.0,
      53.0,
      493.0,
      1457.0,
      192.0,
      394.0,
      0.0,
      156.0,
      1944.0,
      91.0,
      516.0,
      562.0,
      407.0,
      569.0,
      1110.0,
      260.0,
      812.0,
      873.0,
      625.0,
      494.0
    ],
    [
      196.0,
      599.0,
      1234.0,
      511.0,
      508.0,
      554.0,
      1017.0,
      1870.0,
      468.0,
      794.0,
      908.0,
      485.0,
      519.0,
      739.0,
      630.0,
      359.0,
      625.0,
      263.0,
      460.0,
      410.0,
      148.0,
      136.0,
      181.0,
      1046.0,
      535.0,
      139.0,
      1148.0,
      844.0,
      95.0,
      1040.0,
      443.0,
      139.0,
      534.0,
      1335.0,
      271.0,
      238.0,
      156.0,
      0.0,
      1872.0,
      132.0,
      441.0,
      449.0,
      444.0,
      652.0,
      957.0,
      104.0,
      656.0,
      755.0,
      514.0,
      362.0
    ],
    [
      2068.0,
      2448.0,
      745.0,
      2383.0,
      1997.0,
      2138.0,
      1343.0,
      100.0,
      2334.0,
      1695.0,
      1553.0,
      2342.0,
      1870.0,
      2593.0,
      2550.0,
      2198.0,
      2255.0,
      2081.0,
      2161.0,
      1929.0,
      1737.0,
      1910.0,
      2048.0,
      832.0,
      2174.0,
      1998.0,
      1436.0,
      1338.0,
      1928.0,
      832.0,
      1431.0,
      1973.0,
      1571.0,
      835.0,
      2127.0,
      1764.0,
      1944.0,
      1872.0,
      0.0,
      1853.0,
      2200.0,
      2096.0,
      2316.0,
      2512.0,
      1487.0,
      1819.0,
      1711.0,
      2224.0,
      1377.0,
      1983.0
    ],
    [
      250.0,
      595.0,
      1253.0,
      543.0,
      640.0,
      684.0,
      1098.0,
      1859.0,
      528.0,
      906.0,
      1008.0,
      490.0,
      646.0,
      740.0,
      595.0,
      344.0,
      750.0,
      373.0,
      583.0,
      541.0,
      134.0,
      268.0,
      216.0,
      1041.0,
      661.0,
      242.0,
      1239.0,
      918.0,
      217.0,
      1027.0,
      428.0,
      126.0,
      426.0,
      1373.0,
      279.0,
      351.0,
      91.0,
      132.0,
      1853.0,
      0.0,
      555.0,
      578.0,
      488.0,
      659.0,
      1052.0,
      221.0,
      770.0,
      886.0,
      540.0,
      494.0
    ],
    [
      343.0,
      564.0,
      1499.0,
      398.0,
      306.0,
