{
  "instance_name": "ap15_LL_q4_a020",
  "source_prefix": "ap15",
  "benchmark_version": "unified_hlrp_v2",
  "modeling_choices": {
    "single_allocation": true,
    "use_hub_capacity": true,
    "use_hub_fixed_cost": true,
    "use_vehicle_capacity": false,
    "use_karimi_covering_timebound": false,
    "local_tours": "closed tours starting and ending at the same hub",
    "route_cardinality_bound_q": 4,
    "candidate_hubs": "all nodes",
    "assignment_cost_mode": "normalized_throughput_distance",
    "objective_terms": [
      "hub_fixed_cost",
      "local_route_cost",
      "assignment_cost",
      "inter_hub_flow_cost",
      "vehicle_fixed_cost"
    ]
  },
  "parameters": {
    "alpha": 0.2,
    "cap_type": "L",
    "cost_type": "L",
    "q": 4,
    "vehicle_fixed_cost": 0.0,
    "keep_diag_flow": false,
    "assignment_weight": 1.0,
    "throughput_normalization_mean": 288.04086,
    "ap_meta_collect": 3.0,
    "ap_meta_transfer": 0.75,
    "ap_meta_distribute": 2.0,
    "ap_meta_p": 3,
    "alpha_tag": "a020",
    "small_certified_grid": "ap10/ap15 x LL/TT x q=3/4/5 x alpha=0.2,...,0.9"
  },
  "summary": {
    "n_nodes": 15,
    "n_candidate_hubs": 15,
    "total_flow": 2160.30645,
    "total_outbound": 2160.3064499999996,
    "total_inbound": 2160.30645,
    "avg_nonzero_distance": 18838.701120168527,
    "avg_nonzero_flow": 10.287173571428571,
    "avg_throughput": 288.04086,
    "min_hub_fixed_cost": 21475.782819,
    "max_hub_fixed_cost": 34024.193109,
    "min_hub_capacity": 514.323903,
    "max_hub_capacity": 5307.023938
  },
  "nodes": [
    {
      "id": 0,
      "x": 12944.330389,
      "y": 19522.690462
    },
    {
      "id": 1,
      "x": 23487.76995,
      "y": 14749.226168
    },
    {
      "id": 2,
      "x": 31004.306839,
      "y": 21458.349354
    },
    {
      "id": 3,
      "x": 49728.492698,
      "y": 17946.318136
    },
    {
      "id": 4,
      "x": 18262.371247,
      "y": 34230.973732
    },
    {
      "id": 5,
      "x": 27200.416014,
      "y": 29683.344889
    },
    {
      "id": 6,
      "x": 32659.905655,
      "y": 31322.779442
    },
    {
      "id": 7,
      "x": 42235.109422,
      "y": 32882.346795
    },
    {
      "id": 8,
      "x": 19237.531679,
      "y": 39507.84712
    },
    {
      "id": 9,
      "x": 30240.587168,
      "y": 38106.082073
    },
    {
      "id": 10,
      "x": 35623.768986,
      "y": 38814.054724
    },
    {
      "id": 11,
      "x": 44607.978078,
      "y": 38388.838796
    },
    {
      "id": 12,
      "x": 21747.098038,
      "y": 44784.848319
    },
    {
      "id": 13,
      "x": 28875.463979,
      "y": 47422.816531
    },
    {
      "id": 14,
      "x": 32361.143193,
      "y": 45963.285683
    }
  ],
  "hub_fixed_cost": [
    21938.792235,
    32202.815636,
    30250.707057,
    28548.971654,
    29647.993415,
    31292.380591,
    25028.562814,
    23721.798292,
    29186.541657,
    25415.539812,
    21475.782819,
    27418.701689,
    31102.999507,
    34024.193109,
    33689.160253
  ],
  "hub_capacity": [
    1869.75513,
    514.323903,
    3108.620114,
    3382.549883,
    5307.023938,
    3680.734306,
    4815.308329,
    3313.371881,
    4122.595867,
    4536.979079,
    2069.924741,
    2600.275651,
    1983.294653,
    3493.962964,
    3944.806759
  ],
  "outbound_flow": [
    57.12772,
    186.31585999999996,
    92.67907999999997,
    91.14339,
    84.66870000000002,
    192.59212,
    103.68419999999999,
    65.04509000000002,
    96.22799,
    95.35965,
    52.175230000000006,
    69.12328000000001,
    141.44075,
    494.85696999999993,
    337.86642
  ],
  "inbound_flow": [
    112.11458000000002,
    167.84586,
    153.16213000000002,
    128.3478,
    143.25581,
    132.5838,
    99.56727000000001,
    120.24916,
    112.70117,
    109.53632999999998,
    103.05568000000001,
    122.83188999999999,
    139.45550999999998,
    428.89446,
    86.70500000000001
  ],
  "node_throughput": [
    169.2423,
    354.16171999999995,
    245.84121,
    219.49119000000002,
    227.92451,
    325.17592,
    203.25146999999998,
    185.29425000000003,
    208.92916000000002,
    204.89597999999998,
    155.23091000000002,
    191.95517,
    280.89626,
    923.7514299999999,
    424.57142
  ],
  "node_throughput_normalized": [
    0.5875635144263908,
    1.2295537515059494,
    0.8534942230071108,
    0.7620140767528607,
    0.791292284018316,
    1.1289228896205907,
    0.705634158987027,
    0.6432915455119805,
    0.7253455638203553,
    0.7113434531475846,
    0.5389197560373901,
    0.6664164591093084,
    0.9751958801956083,
    3.207015247767278,
    1.4739971960922487
  ],
  "distance_matrix": [
    [
      0.0,
      11573.68044930189,
      18163.411703772323,
      36817.924255517646,
      15640.177598669372,
      17506.423841900043,
      22977.075706129977,
      32193.635297926503,
      20952.58621557872,
      25387.06249909368,
      29774.37942534259,
      36858.08103976122,
      26751.9221341994,
      32128.15046230517,
      32804.23288397927
    ],
    [
      11573.68044930189,
      0.0,
      10075.249908990874,
      26434.76739805468,
      20170.356460725576,
      15388.685543913663,
      18942.30032274464,
      26082.03981577633,
      25120.784955989857,
      24313.437810121595,
      26951.7800160113,
      31700.07060831149,
      30086.018957364024,
      33114.81170351492,
      32450.79758828048
    ],
    [
      18163.411703772323,
      10075.249908990874,
      0.0,
      19050.7086314022,
      18041.53142424878,
      9062.016164148525,
      10002.399132237237,
      16019.945199353646,
      21546.261097249146,
      16665.241444969688,
      17959.953769924152,
      21718.686514715137,
      25096.24411639036,
      26051.593573293805,
      24542.47154179628
    ],
    [
      36817.924255517646,
      26434.76739805468,
      19050.7086314022,
      0.0,
      35430.309158253425,
      25402.20533892328,
      21685.626131504312,
      16710.348441115933,
      37344.31999635352,
      28039.160899388025,
      25187.410770025745,
      21074.067497950185,
      38771.9634465741,
      36106.96282416836,
      32963.24163911182
    ],
    [
      15640.177598669372,
      20170.356460725576,
      18041.53142424878,
      35430.309158253425,
      0.0,
      10028.438181022088,
      14688.314779372497,
      24010.642853166268,
      5366.221260917316,
      12589.444837028585,
      17956.13440668637,
      26671.686133127496,
      11114.296631188028,
      16931.109053206153,
      18341.824175934467
    ],
    [
      17506.423841900043,
      15388.685543913663,
      9062.016164148525,
      25402.20533892328,
      10028.438181022088,
      0.0,
      5700.330937213787,
      15371.25951466406,
      12646.278939653052,
      8954.615698976138,
      12422.67029997444,
      19463.01213011044,
      16055.967202061243,
      17818.379270359375,
      17078.33649019174
    ],
    [
      22977.075706129977,
      18942.30032274464,
      10002.399132237237,
      21685.626131504312,
      14688.314779372497,
      5700.330937213787,
      0.0,
      9701.380185732052,
      15721.178583205596,
      7201.825916062639,
      8056.28271571639,
      13881.124933502471,
      17329.64709781319,
      16538.838927392128,
      14643.554281712495
    ],
    [
      32193.635297926503,
      26082.03981577633,
      16019.945199353646,
      16710.348441115933,
      24010.642853166268,
      15371.25951466406,
      9701.380185732052,
      0.0,
      23932.944586947597,
      13082.659299864194,
      8882.28469008116,
      5995.995314850088,
      23694.475157718432,
      19746.02204258373,
      16389.208988936083
    ],
    [
      20952.58621557872,
      25120.784955989857,
      21546.261097249146,
      37344.31999635352,
      5366.221260917316,
      12646.278939653052,
      15721.178583205596,
      23932.944586947597,
      0.0,
      11091.986987956843,
      16400.918296548705,
      25395.112327251347,
      5843.343645933545,
      12471.426534139908,
      14625.384309858697
    ],
    [
      25387.06249909368,
      24313.437810121595,
      16665.241444969688,
      28039.160899388025,
      12589.444837028585,
      8954.615698976138,
      7201.825916062639,
      13082.659299864194,
      11091.986987956843,
      0.0,
      5429.536974752986,
      14370.173030452775,
      10804.872797499149,
      9416.214859593532,
      8138.32946151487
    ],
    [
      29774.37942534259,
      26951.7800160113,
      17959.953769924152,
      25187.410770025745,
      17956.13440668637,
      12422.67029997444,
      8056.28271571639,
      8882.28469008116,
      16400.918296548705,
      5429.536974752986,
      0.0,
      8994.266039772247,
      15106.699598296123,
      10938.482541795418,
      7858.513241719006
    ],
    [
      36858.08103976122,
      31700.07060831149,
      21718.686514715137,
      21074.067497950185,
      26671.686133127496,
      19463.01213011044,
      13881.124933502471,
      5995.995314850088,
      25395.112327251347,
      14370.173030452775,
      8994.266039772247,
      0.0,
      23738.761004348504,
      18141.795765351057,
      14399.90313663384
    ],
    [
      26751.9221341994,
      30086.018957364024,
      25096.24411639036,
      38771.9634465741,
      11114.296631188028,
      16055.967202061243,
      17329.64709781319,
      23694.475157718432,
      5843.343645933545,
      10804.872797499149,
      15106.699598296123,
      23738.761004348504,
      0.0,
      7600.820829116504,
      10679.26351267962
    ],
    [
      32128.15046230517,
      33114.81170351492,
      26051.593573293805,
      36106.96282416836,
      16931.109053206153,
      17818.379270359375,
      16538.838927392128,
      19746.02204258373,
      12471.426534139908,
      9416.214859593532,
      10938.482541795418,
      18141.795765351057,
      7600.820829116504,
      0.0,
      3778.913849133801
    ],
    [
      32804.23288397927,
      32450.79758828048,
      24542.47154179628,
      32963.24163911182,
      18341.824175934467,
      17078.33649019174,
      14643.554281712495,
      16389.208988936083,
      14625.384309858697,
      8138.32946151487,
      7858.513241719006,
      14399.90313663384,
      10679.26351267962,
      3778.913849133801,
      0.0
    ]
  ],
  "flow_matrix": [
    [
      0.0,
      9.8016,
      5.02811,
      3.10534,
      5.76561,
      5.68655,
      2.48179,
      2.10657,
      2.38547,
      2.3877,
      2.39523,
      1.96042,
      2.92867,
      8.97784,
      2.11682
    ],
    [
      21.24207,
      0.0,
      18.46248,
      10.39632,
      21.81616,
      21.23542,
      8.12536,
      6.55621,
      7.6169,
      7.70346,
      7.72436,
      5.57082,
      9.83708,
      35.02664,
      5.00258
    ],
    [
      5.76319,
      9.90943,
      0.0,
      8.66589,
      6.20638,
      7.66848,
      6.87066,
      5.13303,
      3.3055,
      5.45925,
      6.38653,
      4.14589,
      4.13713,
      15.14683,
      3.88089
    ],
    [
      3.82019,
      6.30087,
      9.80781,
      0.0,
      4.41734,
      6.7056,
      8.41702,
      6.15551,
      3.14053,
      6.38392,
      7.78316,
      4.8532,
      3.91686,
      14.96105,
      4.48033
    ],
    [
      6.72946,
      11.72855,
      6.26441,
      4.02987,
      0.0,
      7.05129,
      3.13192,
      2.96169,
      4.73654,
      3.61574,
      3.06078,
      2.86809,
      6.02183,
      19.65396,
      2.81457
    ],
    [
      17.20647,
      31.14811,
      17.379,
      11.64212,
      18.14486,
      0.0,
      9.0892,
      7.22569,
      7.55309,
      8.29747,
      8.52419,
      6.06137,
      9.7227,
      35.15976,
      5.43809
    ],
    [
      4.16628,
      6.98193,
      11.09571,
      11.99146,
      4.81607,
      7.43321,
      0.0,
      6.8289,
      3.35128,
      7.09762,
      8.73584,
      5.29811,
      4.19067,
      16.90428,
      4.79284
    ],
    [
      2.43809,
      3.74283,
      4.92636,
      5.10608,
      2.84572,
      3.66616,
      3.97377,
      0.0,
      2.35772,
      3.55498,
      3.95644,
      4.93914,
      2.91019,
      16.15593,
      4.47168
    ],
    [
      3.1136,
      4.99403,
      4.06675,
      3.54214,
      6.16711,
      4.45103,
      2.77866,
      3.59459,
      0.0,
      4.81072,
      2.82652,
      3.98453,
      11.40382,
      36.77596,
      3.71853
    ],
    [
      3.55286,
      5.82493,
      8.50821,
      9.01992,
      4.53865,
      6.02598,
      7.02517,
      5.69462,
      4.01484,
      0.0,
      6.60576,
      4.8895,
      5.06572,
      20.16427,
      4.42922
    ],
    [
      2.21917,
      3.34019,
      5.35555,
      5.78049,
      2.41317,
      3.63173,
      4.43111,
      3.40172,
      1.81365,
      3.4232,
      0.0,
      2.82715,
      2.20865,
      8.56897,
      2.76048
    ],
    [
      2.42586,
      3.62195,
      3.72933,
      3.57658,
      2.95022,
      3.17322,
      2.75117,
      5.5314,
      2.72222,
      3.15793,
      3.07258,
      0.0,
      3.37116,
      23.01807,
      6.02159
    ],
    [
      4.48378,
      7.50133,
      5.99118,
      5.1547,
      9.32984,
      6.56298,
      3.95527,
      5.25804,
      13.49536,
      7.16645,
      4.03137,
      5.81953,
      0.0,
      57.49269,
      5.19823
    ],
    [
      24.91884,
      45.46865,
      35.76415,
      30.62511,
      39.70652,
      34.84989,
      24.2033,
      34.37536,
      42.67713,
      31.719,
      24.44874,
      38.33596,
      56.18517,
      0.0,
      31.57915
    ],
    [
      10.03472,
      17.48146,
      16.78308,
      15.71178,
      14.13816,
      14.44226,
      12.33287,
      25.42583,
      13.53094,
      14.75889,
      13.50418,
      31.27818,
      17.55586,
      120.88821,
      0.0
    ]
  ],
  "distance_edges": [
    {
      "from": 0,
      "to": 0,
      "cost": 0.0
    },
    {
      "from": 0,
      "to": 1,
      "cost": 11573.68044930189
    },
    {
      "from": 0,
      "to": 2,
      "cost": 18163.411703772323
    },
    {
      "from": 0,
      "to": 3,
      "cost": 36817.924255517646
    },
    {
      "from": 0,
      "to": 4,
      "cost": 15640.177598669372
    },
    {
      "from": 0,
      "to": 5,
      "cost": 17506.423841900043
    },
    {
      "from": 0,
      "to": 6,
      "cost": 22977.075706129977
    },
    {
      "from": 0,
      "to": 7,
      "cost": 32193.635297926503
    },
    {
      "from": 0,
      "to": 8,
      "cost": 20952.58621557872
    },
    {
      "from": 0,
      "to": 9,
      "cost": 25387.06249909368
    },
    {
      "from": 0,
      "to": 10,
      "cost": 29774.37942534259
    },
    {
      "from": 0,
      "to": 11,
      "cost": 36858.08103976122
    },
    {
      "from": 0,
      "to": 12,
      "cost": 26751.9221341994
    },
    {
      "from": 0,
      "to": 13,
      "cost": 32128.15046230517
    },
    {
      "from": 0,
      "to": 14,
      "cost": 32804.23288397927
    },
    {
      "from": 1,
      "to": 0,
      "cost": 11573.68044930189
    },
    {
      "from": 1,
      "to": 1,
      "cost": 0.0
    },
    {
      "from": 1,
      "to": 2,
      "cost": 10075.249908990874
    },
    {
      "from": 1,
      "to": 3,
      "cost": 26434.76739805468
    },
    {
      "from": 1,
      "to": 4,
      "cost": 20170.356460725576
    },
    {
      "from": 1,
      "to": 5,
      "cost": 15388.685543913663
    },
    {
      "from": 1,
      "to": 6,
      "cost": 18942.30032274464
    },
    {
      "from": 1,
      "to": 7,
      "cost": 26082.03981577633
    },
    {
      "from": 1,
      "to": 8,
      "cost": 25120.784955989857
    },
    {
      "from": 1,
      "to": 9,
      "cost": 24313.437810121595
    },
    {
      "from": 1,
      "to": 10,
      "cost": 26951.7800160113
    },
    {
      "from": 1,
      "to": 11,
      "cost": 31700.07060831149
    },
    {
      "from": 1,
      "to": 12,
      "cost": 30086.018957364024
    },
    {
      "from": 1,
      "to": 13,
      "cost": 33114.81170351492
    },
    {
      "from": 1,
      "to": 14,
      "cost": 32450.79758828048
    },
    {
      "from": 2,
      "to": 0,
      "cost": 18163.411703772323
    },
    {
      "from": 2,
      "to": 1,
      "cost": 10075.249908990874
    },
    {
      "from": 2,
      "to": 2,
      "cost": 0.0
    },
    {
      "from": 2,
      "to": 3,
      "cost": 19050.7086314022
    },
    {
      "from": 2,
      "to": 4,
      "cost": 18041.53142424878
    },
    {
      "from": 2,
      "to": 5,
      "cost": 9062.016164148525
    },
    {
      "from": 2,
      "to": 6,
      "cost": 10002.399132237237
    },
    {
      "from": 2,
      "to": 7,
      "cost": 16019.945199353646
    },
    {
      "from": 2,
      "to": 8,
      "cost": 21546.261097249146
    },
    {
      "from": 2,
      "to": 9,
      "cost": 16665.241444969688
    },
    {
      "from": 2,
      "to": 10,
      "cost": 17959.953769924152
    },
    {
      "from": 2,
      "to": 11,
      "cost": 21718.686514715137
    },
    {
      "from": 2,
      "to": 12,
      "cost": 25096.24411639036
    },
    {
      "from": 2,
      "to": 13,
      "cost": 26051.593573293805
    },
    {
      "from": 2,
      "to": 14,
      "cost": 24542.47154179628
    },
    {
      "from": 3,
      "to": 0,
      "cost": 36817.924255517646
    },
    {
      "from": 3,
      "to": 1,
      "cost": 26434.76739805468
    },
    {
      "from": 3,
      "to": 2,
      "cost": 19050.7086314022
    },
    {
      "from": 3,
      "to": 3,
      "cost": 0.0
    },
    {
      "from": 3,
      "to": 4,
      "cost": 35430.309158253425
    },
    {
      "from": 3,
      "to": 5,
      "cost": 25402.20533892328
    },
    {
      "from": 3,
      "to": 6,
      "cost": 21685.626131504312
    },
    {
      "from": 3,
      "to": 7,
      "cost": 16710.348441115933
    },
    {
      "from": 3,
      "to": 8,
      "cost": 37344.31999635352
    },
    {
      "from": 3,
      "to": 9,
      "cost": 28039.160899388025
    },
    {
      "from": 3,
      "to": 10,
      "cost": 25187.410770025745
    },
    {
      "from": 3,
      "to": 11,
      "cost": 21074.067497950185
    },
    {
      "from": 3,
      "to": 12,
      "cost": 38771.9634465741
    },
    {
      "from": 3,
      "to": 13,
      "cost": 36106.96282416836
    },
    {
      "from": 3,
      "to": 14,
      "cost": 32963.24163911182
    },
    {
      "from": 4,
      "to": 0,
      "cost": 15640.177598669372
    },
    {
      "from": 4,
      "to": 1,
      "cost": 20170.356460725576
    },
    {
      "from": 4,
      "to": 2,
      "cost": 18041.53142424878
    },
    {
      "from": 4,
      "to": 3,
      "cost": 35430.309158253425
    },
    {
      "from": 4,
      "to": 4,
      "cost": 0.0
    },
    {
      "from": 4,
      "to": 5,
      "cost": 10028.438181022088
    },
    {
      "from": 4,
      "to": 6,
      "cost": 14688.314779372497
    },
    {
      "from": 4,
      "to": 7,
      "cost": 24010.642853166268
    },
    {
      "from": 4,
      "to": 8,
      "cost": 5366.221260917316
    },
    {
      "from": 4,
      "to": 9,
      "cost": 12589.444837028585
    },
    {
      "from": 4,
      "to": 10,
      "cost": 17956.13440668637
    },
    {
      "from": 4,
      "to": 11,
      "cost": 26671.686133127496
    },
    {
      "from": 4,
      "to": 12,
      "cost": 11114.296631188028
    },
    {
      "from": 4,
      "to": 13,
      "cost": 16931.109053206153
    },
    {
      "from": 4,
      "to": 14,
      "cost": 18341.824175934467
    },
    {
      "from": 5,
      "to": 0,
      "cost": 17506.423841900043
    },
    {
      "from": 5,
      "to": 1,
      "cost": 15388.685543913663
    },
    {
      "from": 5,
      "to": 2,
      "cost": 9062.016164148525
    },
    {
      "from": 5,
      "to": 3,
      "cost": 25402.20533892328
    },
    {
      "from": 5,
      "to": 4,
      "cost": 10028.438181022088
    },
    {
      "from": 5,
      "to": 5,
      "cost": 0.0
    },
    {
      "from": 5,
      "to": 6,
      "cost": 5700.330937213787
    },
    {
      "from": 5,
      "to": 7,
      "cost": 15371.25951466406
    },
    {
      "from": 5,
      "to": 8,
      "cost": 12646.278939653052
    },
    {
      "from": 5,
      "to": 9,
      "cost": 8954.615698976138
    },
    {
      "from": 5,
      "to": 10,
      "cost": 12422.67029997444
    },
    {
      "from": 5,
      "to": 11,
      "cost": 19463.01213011044
    },
    {
      "from": 5,
      "to": 12,
      "cost": 16055.967202061243
    },
    {
      "from": 5,
      "to": 13,
      "cost": 17818.379270359375
    },
    {
      "from": 5,
      "to": 14,
      "cost": 17078.33649019174
    },
    {
      "from": 6,
      "to": 0,
      "cost": 22977.075706129977
    },
    {
      "from": 6,
      "to": 1,
      "cost": 18942.30032274464
    },
    {
      "from": 6,
      "to": 2,
      "cost": 10002.399132237237
    },
    {
      "from": 6,
      "to": 3,
      "cost": 21685.626131504312
    },
    {
      "from": 6,
      "to": 4,
      "cost": 14688.314779372497
    },
    {
      "from": 6,
      "to": 5,
      "cost": 5700.330937213787
    },
    {
      "from": 6,
      "to": 6,
      "cost": 0.0
    },
    {
      "from": 6,
      "to": 7,
      "cost": 9701.380185732052
    },
    {
      "from": 6,
      "to": 8,
      "cost": 15721.178583205596
    },
    {
      "from": 6,
      "to": 9,
      "cost": 7201.825916062639
    },
    {
      "from": 6,
      "to": 10,
      "cost": 8056.28271571639
    },
    {
      "from": 6,
      "to": 11,
      "cost": 13881.124933502471
    },
    {
      "from": 6,
      "to": 12,
      "cost": 17329.64709781319
    },
    {
      "from": 6,
      "to": 13,
      "cost": 16538.838927392128
    },
    {
      "from": 6,
      "to": 14,
      "cost": 14643.554281712495
    },
    {
      "from": 7,
      "to": 0,
      "cost": 32193.635297926503
    },
    {
      "from": 7,
      "to": 1,
      "cost": 26082.03981577633
    },
    {
      "from": 7,
      "to": 2,
      "cost": 16019.945199353646
    },
    {
      "from": 7,
      "to": 3,
      "cost": 16710.348441115933
    },
    {
      "from": 7,
      "to": 4,
      "cost": 24010.642853166268
    },
    {
      "from": 7,
      "to": 5,
      "cost": 15371.25951466406
    },
    {
      "from": 7,
      "to": 6,
      "cost": 9701.380185732052
    },
    {
      "from": 7,
      "to": 7,
      "cost": 0.0
    },
    {
      "from": 7,
      "to": 8,
      "cost": 23932.944586947597
    },
    {
      "from": 7,
      "to": 9,
      "cost": 13082.659299864194
    },
    {
      "from": 7,
      "to": 10,
      "cost": 8882.28469008116
    },
    {
      "from": 7,
      "to": 11,
      "cost": 5995.995314850088
    },
    {
      "from": 7,
      "to": 12,
      "cost": 23694.475157718432
    },
    {
      "from": 7,
      "to": 13,
      "cost": 19746.02204258373
    },
    {
      "from": 7,
      "to": 14,
      "cost": 16389.208988936083
    },
    {
      "from": 8,
      "to": 0,
      "cost": 20952.58621557872
    },
    {
      "from": 8,
      "to": 1,
      "cost": 25120.784955989857
    },
    {
      "from": 8,
      "to": 2,
      "cost": 21546.261097249146
    },
    {
      "from": 8,
      "to": 3,
      "cost": 37344.31999635352
    },
    {
      "from": 8,
      "to": 4,
      "cost": 5366.221260917316
    },
    {
      "from": 8,
      "to": 5,
      "cost": 12646.278939653052
    },
    {
      "from": 8,
      "to": 6,
      "cost": 15721.178583205596
    },
    {
      "from": 8,
      "to": 7,
      "cost": 23932.944586947597
    },
    {
      "from": 8,
      "to": 8,
      "cost": 0.0
    },
    {
      "from": 8,
      "to": 9,
      "cost": 11091.986987956843
    },
    {
      "from": 8,
      "to": 10,
      "cost": 16400.918296548705
    },
    {
      "from": 8,
      "to": 11,
      "cost": 25395.112327251347
    },
    {
      "from": 8,
      "to": 12,
      "cost": 5843.343645933545
    },
    {
      "from": 8,
      "to": 13,
      "cost": 12471.426534139908
    },
    {
      "from": 8,
      "to": 14,
      "cost": 14625.384309858697
    },
    {
      "from": 9,
      "to": 0,
      "cost": 25387.06249909368
    },
    {
      "from": 9,
      "to": 1,
      "cost": 24313.437810121595
    },
    {
      "from": 9,
      "to": 2,
      "cost": 16665.241444969688
    },
    {
      "from": 9,
      "to": 3,
      "cost": 28039.160899388025
    },
    {
      "from": 9,
      "to": 4,
      "cost": 12589.444837028585
    },
    {
      "from": 9,
      "to": 5,
      "cost": 8954.615698976138
    },
    {
      "from": 9,
      "to": 6,
      "cost": 7201.825916062639
    },
    {
      "from": 9,
      "to": 7,
      "cost": 13082.659299864194
    },
    {
      "from": 9,
      "to": 8,
      "cost": 11091.986987956843
    },
    {
      "from": 9,
      "to": 9,
      "cost": 0.0
    },
    {
      "from": 9,
      "to": 10,
      "cost": 5429.536974752986
    },
    {
      "from": 9,
      "to": 11,
      "cost": 14370.173030452775
    },
    {
      "from": 9,
      "to": 12,
      "cost": 10804.872797499149
    },
    {
      "from": 9,
      "to": 13,
      "cost": 9416.214859593532
    },
    {
      "from": 9,
      "to": 14,
      "cost": 8138.32946151487
    },
    {
      "from": 10,
      "to": 0,
      "cost": 29774.37942534259
    },
    {
      "from": 10,
      "to": 1,
      "cost": 26951.7800160113
    },
    {
      "from": 10,
      "to": 2,
      "cost": 17959.953769924152
    },
    {
      "from": 10,
      "to": 3,
      "cost": 25187.410770025745
    },
    {
      "from": 10,
      "to": 4,
      "cost": 17956.13440668637
    },
    {
      "from": 10,
      "to": 5,
      "cost": 12422.67029997444
    },
    {
      "from": 10,
      "to": 6,
      "cost": 8056.28271571639
    },
    {
      "from": 10,
      "to": 7,
      "cost": 8882.28469008116
    },
    {
      "from": 10,
      "to": 8,
      "cost": 16400.918296548705
    },
    {
      "from": 10,
      "to": 9,
      "cost": 5429.536974752986
    },
    {
      "from": 10,
      "to": 10,
      "cost": 0.0
    },
    {
      "from": 10,
      "to": 11,
      "cost": 8994.266039772247
    },
    {
      "from": 10,
      "to": 12,
      "cost": 15106.699598296123
    },
    {
      "from": 10,
      "to": 13,
      "cost": 10938.482541795418
    },
    {
      "from": 10,
      "to": 14,
      "cost": 7858.513241719006
    },
    {
      "from": 11,
      "to": 0,
      "cost": 36858.08103976122
    },
    {
      "from": 11,
      "to": 1,
      "cost": 31700.07060831149
    },
    {
      "from": 11,
      "to": 2,
      "cost": 21718.686514715137
    },
    {
      "from": 11,
      "to": 3,
      "cost": 21074.067497950185
    },
    {
      "from": 11,
      "to": 4,
      "cost": 26671.686133127496
    },
    {
      "from": 11,
      "to": 5,
      "cost": 19463.01213011044
    },
    {
      "from": 11,
      "to": 6,
      "cost": 13881.124933502471
    },
    {
      "from": 11,
      "to": 7,
      "cost": 5995.995314850088
    },
    {
      "from": 11,
      "to": 8,
      "cost": 25395.112327251347
    },
    {
      "from": 11,
      "to": 9,
      "cost": 14370.173030452775
    },
    {
      "from": 11,
      "to": 10,
      "cost": 8994.266039772247
    },
    {
      "from": 11,
      "to": 11,
      "cost": 0.0
    },
    {
      "from": 11,
      "to": 12,
      "cost": 23738.761004348504
    },
    {
      "from": 11,
      "to": 13,
      "cost": 18141.795765351057
    },
    {
      "from": 11,
      "to": 14,
      "cost": 14399.90313663384
    },
    {
      "from": 12,
      "to": 0,
      "cost": 26751.9221341994
    },
    {
      "from": 12,
      "to": 1,
      "cost": 30086.018957364024
    },
    {
      "from": 12,
      "to": 2,
      "cost": 25096.24411639036
    },
    {
      "from": 12,
      "to": 3,
      "cost": 38771.9634465741
    },
    {
      "from": 12,
      "to": 4,
      "cost": 11114.296631188028
    },
    {
      "from": 12,
      "to": 5,
      "cost": 16055.967202061243
    },
    {
      "from": 12,
      "to": 6,
      "cost": 17329.64709781319
    },
    {
      "from": 12,
      "to": 7,
      "cost": 23694.475157718432
    },
    {
      "from": 12,
      "to": 8,
      "cost": 5843.343645933545
    },
    {
      "from": 12,
      "to": 9,
      "cost": 10804.872797499149
    },
    {
      "from": 12,
      "to": 10,
      "cost": 15106.699598296123
    },
    {
      "from": 12,
      "to": 11,
      "cost": 23738.761004348504
    },
    {
      "from": 12,
      "to": 12,
      "cost": 0.0
    },
    {
      "from": 12,
      "to": 13,
      "cost": 7600.820829116504
    },
    {
      "from": 12,
      "to": 14,
      "cost": 10679.26351267962
    },
    {
      "from": 13,
      "to": 0,
      "cost": 32128.15046230517
    },
    {
      "from": 13,
      "to": 1,
      "cost": 33114.81170351492
    },
    {
      "from": 13,
      "to": 2,
      "cost": 26051.593573293805
    },
    {
      "from": 13,
      "to": 3,
      "cost": 36106.96282416836
    },
    {
      "from": 13,
      "to": 4,
      "cost": 16931.109053206153
    },
    {
      "from": 13,
      "to": 5,
      "cost": 17818.379270359375
    },
    {
      "from": 13,
      "to": 6,
      "cost": 16538.838927392128
    },
    {
      "from": 13,
      "to": 7,
      "cost": 19746.02204258373
    },
    {
      "from": 13,
      "to": 8,
      "cost": 12471.426534139908
    },
    {
      "from": 13,
      "to": 9,
      "cost": 9416.214859593532
    },
    {
      "from": 13,
      "to": 10,
      "cost": 10938.482541795418
    },
    {
      "from": 13,
      "to": 11,
      "cost": 18141.795765351057
    },
    {
      "from": 13,
      "to": 12,
      "cost": 7600.820829116504
    },
    {
      "from": 13,
      "to": 13,
      "cost": 0.0
    },
    {
      "from": 13,
      "to": 14,
      "cost": 3778.913849133801
    },
    {
      "from": 14,
      "to": 0,
      "cost": 32804.23288397927
    },
    {
      "from": 14,
      "to": 1,
      "cost": 32450.79758828048
    },
    {
      "from": 14,
      "to": 2,
      "cost": 24542.47154179628
    },
    {
      "from": 14,
      "to": 3,
      "cost": 32963.24163911182
    },
    {
      "from": 14,
      "to": 4,
      "cost": 18341.824175934467
    },
    {
      "from": 14,
      "to": 5,
      "cost": 17078.33649019174
    },
    {
      "from": 14,
      "to": 6,
      "cost": 14643.554281712495
    },
    {
      "from": 14,
      "to": 7,
      "cost": 16389.208988936083
    },
    {
      "from": 14,
      "to": 8,
      "cost": 14625.384309858697
    },
    {
      "from": 14,
      "to": 9,
      "cost": 8138.32946151487
    },
    {
      "from": 14,
      "to": 10,
      "cost": 7858.513241719006
    },
    {
      "from": 14,
      "to": 11,
      "cost": 14399.90313663384
    },
    {
      "from": 14,
      "to": 12,
      "cost": 10679.26351267962
    },
    {
      "from": 14,
      "to": 13,
      "cost": 3778.913849133801
    },
    {
      "from": 14,
      "to": 14,
      "cost": 0.0
    }
  ],
  "flow_edges": [
    {
      "from": 0,
      "to": 1,
      "flow": 9.8016
    },
    {
      "from": 0,
      "to": 2,
      "flow": 5.02811
    },
    {
      "from": 0,
      "to": 3,
      "flow": 3.10534
    },
    {
      "from": 0,
      "to": 4,
      "flow": 5.76561
    },
    {
      "from": 0,
      "to": 5,
      "flow": 5.68655
    },
    {
      "from": 0,
      "to": 6,
      "flow": 2.48179
    },
    {
      "from": 0,
      "to": 7,
      "flow": 2.10657
    },
    {
      "from": 0,
      "to": 8,
      "flow": 2.38547
    },
    {
      "from": 0,
      "to": 9,
      "flow": 2.3877
    },
    {
      "from": 0,
      "to": 10,
      "flow": 2.39523
    },
    {
      "from": 0,
      "to": 11,
      "flow": 1.96042
    },
    {
      "from": 0,
      "to": 12,
      "flow": 2.92867
    },
    {
      "from": 0,
      "to": 13,
      "flow": 8.97784
    },
    {
      "from": 0,
      "to": 14,
      "flow": 2.11682
    },
    {
      "from": 1,
      "to": 0,
      "flow": 21.24207
    },
    {
      "from": 1,
      "to": 2,
      "flow": 18.46248
    },
    {
      "from": 1,
      "to": 3,
      "flow": 10.39632
    },
    {
      "from": 1,
      "to": 4,
      "flow": 21.81616
    },
    {
      "from": 1,
      "to": 5,
      "flow": 21.23542
    },
    {
      "from": 1,
      "to": 6,
      "flow": 8.12536
    },
    {
      "from": 1,
      "to": 7,
      "flow": 6.55621
    },
    {
      "from": 1,
      "to": 8,
      "flow": 7.6169
    },
    {
      "from": 1,
      "to": 9,
      "flow": 7.70346
    },
    {
      "from": 1,
      "to": 10,
      "flow": 7.72436
    },
    {
      "from": 1,
      "to": 11,
      "flow": 5.57082
    },
    {
      "from": 1,
      "to": 12,
      "flow": 9.83708
    },
    {
      "from": 1,
      "to": 13,
      "flow": 35.02664
    },
    {
      "from": 1,
      "to": 14,
      "flow": 5.00258
    },
    {
      "from": 2,
      "to": 0,
      "flow": 5.76319
    },
    {
      "from": 2,
      "to": 1,
      "flow": 9.90943
    },
    {
      "from": 2,
      "to": 3,
      "flow": 8.66589
    },
    {
      "from": 2,
      "to": 4,
      "flow": 6.20638
    },
    {
      "from": 2,
      "to": 5,
      "flow": 7.66848
    },
    {
      "from": 2,
      "to": 6,
      "flow": 6.87066
    },
    {
      "from": 2,
      "to": 7,
      "flow": 5.13303
    },
    {
      "from": 2,
      "to": 8,
      "flow": 3.3055
    },
    {
      "from": 2,
      "to": 9,
      "flow": 5.45925
    },
    {
      "from": 2,
      "to": 10,
      "flow": 6.38653
    },
    {
      "from": 2,
      "to": 11,
      "flow": 4.14589
    },
    {
      "from": 2,
      "to": 12,
      "flow": 4.13713
    },
    {
      "from": 2,
      "to": 13,
      "flow": 15.14683
    },
    {
      "from": 2,
      "to": 14,
      "flow": 3.88089
    },
    {
      "from": 3,
      "to": 0,
      "flow": 3.82019
    },
    {
      "from": 3,
      "to": 1,
      "flow": 6.30087
    },
    {
      "from": 3,
      "to": 2,
      "flow": 9.80781
    },
    {
      "from": 3,
      "to": 4,
      "flow": 4.41734
    },
    {
      "from": 3,
      "to": 5,
      "flow": 6.7056
    },
    {
      "from": 3,
      "to": 6,
      "flow": 8.41702
    },
    {
      "from": 3,
      "to": 7,
      "flow": 6.15551
    },
    {
      "from": 3,
      "to": 8,
      "flow": 3.14053
    },
    {
      "from": 3,
      "to": 9,
      "flow": 6.38392
    },
    {
      "from": 3,
      "to": 10,
      "flow": 7.78316
    },
    {
      "from": 3,
      "to": 11,
      "flow": 4.8532
    },
    {
      "from": 3,
      "to": 12,
      "flow": 3.91686
    },
    {
      "from": 3,
      "to": 13,
      "flow": 14.96105
    },
    {
      "from": 3,
      "to": 14,
      "flow": 4.48033
    },
    {
      "from": 4,
      "to": 0,
      "flow": 6.72946
    },
    {
      "from": 4,
      "to": 1,
      "flow": 11.72855
    },
    {
      "from": 4,
      "to": 2,
      "flow": 6.26441
    },
    {
      "from": 4,
      "to": 3,
      "flow": 4.02987
    },
    {
      "from": 4,
      "to": 5,
      "flow": 7.05129
    },
    {
      "from": 4,
      "to": 6,
      "flow": 3.13192
    },
    {
      "from": 4,
      "to": 7,
      "flow": 2.96169
    },
    {
      "from": 4,
      "to": 8,
      "flow": 4.73654
    },
    {
      "from": 4,
      "to": 9,
      "flow": 3.61574
    },
    {
      "from": 4,
      "to": 10,
      "flow": 3.06078
    },
    {
      "from": 4,
      "to": 11,
      "flow": 2.86809
    },
    {
      "from": 4,
      "to": 12,
      "flow": 6.02183
    },
    {
      "from": 4,
      "to": 13,
      "flow": 19.65396
    },
    {
      "from": 4,
      "to": 14,
      "flow": 2.81457
    },
    {
      "from": 5,
      "to": 0,
      "flow": 17.20647
    },
    {
      "from": 5,
      "to": 1,
      "flow": 31.14811
    },
    {
      "from": 5,
      "to": 2,
      "flow": 17.379
    },
    {
      "from": 5,
      "to": 3,
      "flow": 11.64212
    },
    {
      "from": 5,
      "to": 4,
      "flow": 18.14486
    },
    {
      "from": 5,
      "to": 6,
      "flow": 9.0892
    },
    {
      "from": 5,
      "to": 7,
      "flow": 7.22569
    },
    {
      "from": 5,
      "to": 8,
      "flow": 7.55309
    },
    {
      "from": 5,
      "to": 9,
      "flow": 8.29747
    },
    {
      "from": 5,
      "to": 10,
      "flow": 8.52419
    },
    {
      "from": 5,
      "to": 11,
      "flow": 6.06137
    },
    {
      "from": 5,
      "to": 12,
      "flow": 9.7227
    },
    {
      "from": 5,
      "to": 13,
      "flow": 35.15976
    },
    {
      "from": 5,
      "to": 14,
      "flow": 5.43809
    },
    {
      "from": 6,
      "to": 0,
      "flow": 4.16628
    },
    {
      "from": 6,
      "to": 1,
      "flow": 6.98193
    },
    {
      "from": 6,
      "to": 2,
      "flow": 11.09571
    },
    {
      "from": 6,
      "to": 3,
      "flow": 11.99146
    },
    {
      "from": 6,
      "to": 4,
      "flow": 4.81607
    },
    {
      "from": 6,
      "to": 5,
      "flow": 7.43321
    },
    {
      "from": 6,
      "to": 7,
      "flow": 6.8289
    },
    {
      "from": 6,
      "to": 8,
      "flow": 3.35128
    },
    {
      "from": 6,
      "to": 9,
      "flow": 7.09762
    },
    {
      "from": 6,
      "to": 10,
      "flow": 8.73584
    },
    {
      "from": 6,
      "to": 11,
      "flow": 5.29811
    },
    {
      "from": 6,
      "to": 12,
      "flow": 4.19067
    },
    {
      "from": 6,
      "to": 13,
      "flow": 16.90428
    },
    {
      "from": 6,
      "to": 14,
      "flow": 4.79284
    },
    {
      "from": 7,
      "to": 0,
      "flow": 2.43809
    },
    {
      "from": 7,
      "to": 1,
      "flow": 3.74283
    },
    {
      "from": 7,
      "to": 2,
      "flow": 4.92636
    },
    {
      "from": 7,
      "to": 3,
      "flow": 5.10608
    },
    {
      "from": 7,
      "to": 4,
      "flow": 2.84572
    },
    {
      "from": 7,
      "to": 5,
      "flow": 3.66616
    },
    {
      "from": 7,
      "to": 6,
      "flow": 3.97377
    },
    {
      "from": 7,
      "to": 8,
      "flow": 2.35772
    },
    {
      "from": 7,
      "to": 9,
      "flow": 3.55498
    },
    {
      "from": 7,
      "to": 10,
      "flow": 3.95644
    },
    {
      "from": 7,
      "to": 11,
      "flow": 4.93914
    },
    {
      "from": 7,
      "to": 12,
      "flow": 2.91019
    },
    {
      "from": 7,
      "to": 13,
      "flow": 16.15593
    },
    {
      "from": 7,
      "to": 14,
      "flow": 4.47168
    },
    {
      "from": 8,
      "to": 0,
      "flow": 3.1136
    },
    {
      "from": 8,
      "to": 1,
      "flow": 4.99403
    },
    {
      "from": 8,
      "to": 2,
      "flow": 4.06675
    },
    {
      "from": 8,
      "to": 3,
      "flow": 3.54214
    },
    {
      "from": 8,
      "to": 4,
      "flow": 6.16711
    },
    {
      "from": 8,
      "to": 5,
      "flow": 4.45103
    },
    {
      "from": 8,
      "to": 6,
      "flow": 2.77866
    },
    {
      "from": 8,
      "to": 7,
      "flow": 3.59459
    },
    {
      "from": 8,
      "to": 9,
      "flow": 4.81072
    },
    {
      "from": 8,
      "to": 10,
      "flow": 2.82652
    },
    {
      "from": 8,
      "to": 11,
      "flow": 3.98453
    },
    {
      "from": 8,
      "to": 12,
      "flow": 11.40382
    },
    {
      "from": 8,
      "to": 13,
      "flow": 36.77596
    },
    {
      "from": 8,
      "to": 14,
      "flow": 3.71853
    },
    {
      "from": 9,
      "to": 0,
      "flow": 3.55286
    },
    {
      "from": 9,
      "to": 1,
      "flow": 5.82493
    },
    {
      "from": 9,
