{
  "instance_name": "ap50_TT_q5",
  "source_prefix": "ap50",
  "benchmark_version": "unified_hlrp_v2",
  "modeling_choices": {
    "single_allocation": true,
    "use_hub_capacity": true,
    "use_hub_fixed_cost": true,
    "use_vehicle_capacity": false,
    "use_karimi_covering_timebound": false,
    "local_tours": "closed tours starting and ending at the same hub",
    "route_cardinality_bound_q": 5,
    "candidate_hubs": "all nodes",
    "assignment_cost_mode": "normalized_throughput_distance",
    "objective_terms": [
      "hub_fixed_cost",
      "local_route_cost",
      "assignment_cost",
      "inter_hub_flow_cost",
      "vehicle_fixed_cost"
    ]
  },
  "parameters": {
    "alpha": 0.75,
    "cap_type": "T",
    "cost_type": "T",
    "q": 5,
    "vehicle_fixed_cost": 0.0,
    "keep_diag_flow": false,
    "assignment_weight": 1.0,
    "throughput_normalization_mean": 151.42605799999998,
    "ap_meta_collect": 3.0,
    "ap_meta_transfer": 0.75,
    "ap_meta_distribute": 2.0,
    "ap_meta_p": 3,
    "source_parameter_rule": "orlib_original",
    "source_parameter_note": null
  },
  "summary": {
    "n_nodes": 50,
    "n_candidate_hubs": 50,
    "total_flow": 3785.6514500000003,
    "total_outbound": 3785.65145,
    "total_inbound": 3785.65145,
    "avg_nonzero_distance": 20672.848462910002,
    "avg_nonzero_flow": 1.545163857142857,
    "avg_throughput": 151.42605799999998,
    "min_hub_fixed_cost": 23641.474114,
    "max_hub_fixed_cost": 710415.562073,
    "min_hub_capacity": 14.067214,
    "max_hub_capacity": 1596.896623
  },
  "nodes": [
    {
      "id": 0,
      "x": 7002.570551,
      "y": 5890.825277
    },
    {
      "id": 1,
      "x": 15087.234678,
      "y": 25628.060733
    },
    {
      "id": 2,
      "x": 21824.489021,
      "y": 22370.809834
    },
    {
      "id": 3,
      "x": 23306.88567,
      "y": 17234.17003
    },
    {
      "id": 4,
      "x": 24497.0,
      "y": 6163.084873
    },
    {
      "id": 5,
      "x": 25934.538318,
      "y": 23294.77634
    },
    {
      "id": 6,
      "x": 32973.962633,
      "y": 20675.53014
    },
    {
      "id": 7,
      "x": 40450.302845,
      "y": 23378.281609
    },
    {
      "id": 8,
      "x": 49600.066292,
      "y": 18478.226535
    },
    {
      "id": 9,
      "x": 57531.977457,
      "y": 12129.281533
    },
    {
      "id": 10,
      "x": 13459.80481,
      "y": 35186.121155
    },
    {
      "id": 11,
      "x": 19505.231435,
      "y": 33808.596149
    },
    {
      "id": 12,
      "x": 23528.21571,
      "y": 34179.17828
    },
    {
      "id": 13,
      "x": 26858.660634,
      "y": 28875.880759
    },
    {
      "id": 14,
      "x": 29091.812153,
      "y": 29736.837188
    },
    {
      "id": 15,
      "x": 31163.117912,
      "y": 31878.412162
    },
    {
      "id": 16,
      "x": 34669.786382,
      "y": 29042.120136
    },
    {
      "id": 17,
      "x": 37137.959283,
      "y": 33280.981813
    },
    {
      "id": 18,
      "x": 41221.018454,
      "y": 32458.50041
    },
    {
      "id": 19,
      "x": 49664.23975,
      "y": 33372.913819
    },
    {
      "id": 20,
      "x": 14549.902502,
      "y": 38899.61036
    },
    {
      "id": 21,
      "x": 18009.765398,
      "y": 39861.621653
    },
    {
      "id": 22,
      "x": 23321.339265,
      "y": 39184.353305
    },
    {
      "id": 23,
      "x": 29032.989978,
      "y": 39301.521848
    },
    {
      "id": 24,
      "x": 32214.439408,
      "y": 37389.33324
    },
    {
      "id": 25,
      "x": 33413.770303,
      "y": 39660.806132
    },
    {
      "id": 26,
      "x": 36559.845586,
      "y": 38297.223036
    },
    {
      "id": 27,
      "x": 38864.884786,
      "y": 38349.840424
    },
    {
      "id": 28,
      "x": 43329.062842,
      "y": 38591.718704
    },
    {
      "id": 29,
      "x": 49688.457629,
      "y": 37919.079574
    },
    {
      "id": 30,
      "x": 15926.819268,
      "y": 47268.70547
    },
    {
      "id": 31,
      "x": 22886.518295,
      "y": 44124.767862
    },
    {
      "id": 32,
      "x": 24497.0,
      "y": 45582.418602
    },
    {
      "id": 33,
      "x": 26359.884828,
      "y": 47416.088415
    },
    {
      "id": 34,
      "x": 30212.928839,
      "y": 47571.164924
    },
    {
      "id": 35,
      "x": 30866.93611,
      "y": 46491.285062
    },
    {
      "id": 36,
      "x": 32664.413086,
      "y": 44742.142657
    },
    {
      "id": 37,
      "x": 33296.805256,
      "y": 46043.414743
    },
    {
      "id": 38,
      "x": 38531.422145,
      "y": 42755.564517
    },
    {
      "id": 39,
      "x": 47113.723122,
      "y": 42772.355497
    },
    {
      "id": 40,
      "x": 4298.077829,
      "y": 53810.573164
    },
    {
      "id": 41,
      "x": 9853.663445,
      "y": 53494.957481
    },
    {
      "id": 42,
      "x": 18269.563629,
      "y": 51599.864926
    },
    {
      "id": 43,
      "x": 22730.430795,
      "y": 51878.741572
    },
    {
      "id": 44,
      "x": 29073.101107,
      "y": 50754.246295
    },
    {
      "id": 45,
      "x": 31341.876325,
      "y": 48534.328606
    },
    {
      "id": 46,
      "x": 31702.0,
      "y": 51623.370107
    },
    {
      "id": 47,
      "x": 33313.432484,
      "y": 48549.677892
    },
    {
      "id": 48,
      "x": 35148.060128,
      "y": 50260.264216
    },
    {
      "id": 49,
      "x": 38031.08778,
      "y": 49339.724064
    }
  ],
  "hub_fixed_cost": [
    32678.296062,
    75766.627795,
    42040.306144,
    170429.589983,
    93287.202539,
    59386.687407,
    113496.592476,
    68978.344079,
    44954.284935,
    72116.615163,
    66576.635653,
    61048.470335,
    68992.045934,
    150233.50565,
    60708.576438,
    92842.600869,
    45335.353145,
    58309.216529,
    59443.35836,
    38628.099815,
    40891.232987,
    49359.874217,
    103974.182044,
    51818.855709,
    79583.917601,
    50362.299465,
    41860.086221,
    52172.805154,
    89028.353217,
    52089.683612,
    55907.250297,
    130087.090502,
    184913.014867,
    165930.638615,
    710415.562073,
    121892.621907,
    81030.937589,
    205400.151553,
    71358.974308,
    126234.062888,
    23641.474114,
    52243.580394,
    77903.105325,
    85169.632499,
    60364.825651,
    150778.759397,
    84010.251503,
    50980.343172,
    112933.995859,
    79565.063337
  ],
  "hub_capacity": [
    768.184892,
    579.09085,
    323.164954,
    1004.431528,
    1397.896872,
    1072.994072,
    155.734568,
    675.581345,
    1174.530276,
    1445.167748,
    14.067214,
    1223.084628,
    873.448826,
    1292.536721,
    64.049107,
    726.546148,
    422.509613,
    43.829471,
    1043.221419,
    719.009076,
    446.82526,
    102.863137,
    707.724629,
    612.566196,
    1494.790299,
    1426.506937,
    39.528866,
    674.38707,
    828.711731,
    1325.418329,
    600.166809,
    1596.896623,
    284.882279,
    923.331763,
    981.70125,
    63.15225,
    376.698934,
    1137.435818,
    738.733596,
    1551.22921,
    962.976666,
    752.800811,
    1154.686938,
    216.798592,
    425.710631,
    1218.736046,
    943.34474,
    848.220244,
    1262.565518,
    366.939259
  ],
  "outbound_flow": [
    25.77621,
    40.74572,
    26.18228,
    177.86691,
    44.66348,
    40.32543000000001,
    69.52869000000001,
    46.511669999999995,
    26.06249,
    52.255919999999996,
    39.77725,
    43.73211,
    42.79891,
    164.14867999999998,
    50.25062,
    88.70485,
    32.94704000000001,
    43.64374,
    32.67807,
    21.630609999999997,
    20.62491,
    33.128949999999996,
    92.15837,
    33.399829999999994,
    75.03974,
    27.96312,
    25.156640000000003,
    34.76142,
    45.64405,
    35.03245999999999,
    40.96541,
    99.21427,
    159.4348,
    160.76325999999997,
    567.569,
    147.85909,
    72.70712999999999,
    300.80313,
    46.84793,
    68.21044,
    15.912769999999998,
    29.274070000000002,
    62.37487999999999,
    44.47445,
    47.86439,
    126.62194999999998,
    58.23763,
    49.11962,
    88.55903,
    65.69803
  ],
  "inbound_flow": [
    33.534960000000005,
    92.96983000000002,
    47.02797,
    79.63428,
    94.94725,
    64.29201,
    99.76602000000001,
    69.27367,
    45.01275999999998,
    58.999100000000006,
    61.96709,
    58.52846000000001,
    68.80705999999998,
    90.65012000000002,
    50.79182999999999,
    66.80216999999998,
    36.91574,
    58.340959999999995,
    71.88219000000001,
    41.46378000000001,
    49.03289999999999,
    49.03773,
    69.08041000000001,
    59.04289999999999,
    52.98466,
    51.678639999999994,
    44.130479999999984,
    53.60885,
    92.30786,
    47.597429999999996,
    46.72310000000002,
    95.82420000000002,
    113.97290000000004,
    129.36137000000005,
    503.59558000000004,
    45.00592999999999,
    70.28928,
    43.81270000000001,
    81.13280000000003,
    122.41557999999996,
    26.46812,
    49.78543,
    71.93059,
    88.85931000000001,
    60.43083999999999,
    102.44886,
    88.99091,
    29.56172,
    83.06558,
    71.86754
  ],
  "node_throughput": [
    59.311170000000004,
    133.71555,
    73.21025,
    257.50119,
    139.61073,
    104.61744000000002,
    169.29471,
    115.78533999999999,
    71.07524999999998,
    111.25502,
    101.74434,
    102.26057,
    111.60596999999999,
    254.7988,
    101.04244999999999,
    155.50701999999995,
    69.86278000000001,
    101.9847,
    104.56026,
    63.094390000000004,
    69.65780999999998,
    82.16668,
    161.23878000000002,
    92.44272999999998,
    128.02439999999999,
    79.64175999999999,
    69.28711999999999,
    88.37027,
    137.95191,
    82.62988999999999,
    87.68851000000001,
    195.03847000000002,
    273.40770000000003,
    290.12463,
    1071.1645800000001,
    192.86502000000002,
    142.99641,
    344.61583,
    127.98073000000002,
    190.62601999999998,
    42.380889999999994,
    79.0595,
    134.30546999999999,
    133.33376,
    108.29522999999999,
    229.07081,
    147.22854,
    78.68134,
    171.62461000000002,
    137.56557
  ],
  "node_throughput_normalized": [
    0.39168403895186926,
    0.8830418738101208,
    0.4834719398163294,
    1.700507781824447,
    0.9219729539548603,
    0.6908813541193817,
    1.1180024906941712,
    0.7646328612741145,
    0.4693726491909338,
    0.7347151571495047,
    0.6719077373063492,
    0.6753168599290884,
    0.7370327899574589,
    1.6826615139119585,
    0.6672725377292724,
    1.026950196379014,
    0.46136563893118065,
    0.6734950466715578,
    0.6905037440781825,
    0.4166679819400701,
    0.4600120409923105,
    0.5426191573975994,
    1.0648020699317158,
    0.610480991323171,
    0.8454581839540457,
    0.5259448806360659,
    0.45756404753004926,
    0.583586941159097,
    0.9110183004301677,
    0.5456781421332384,
    0.579084677750774,
    1.2880112747833667,
    1.8055525159348733,
    1.9159491690657366,
    7.073845770983487,
    1.2736580648490503,
    0.944331589216963,
    2.2758026891250123,
    0.845169792374837,
    1.2588719703711762,
    0.27987844734094575,
    0.5220997036058352,
    0.8869376365856397,
    0.8805205772443738,
    0.7151690497021325,
    1.512756873060778,
    0.9722800814110872,
    0.5196023791360931,
    1.133388878154644,
    0.9084669561958749
  ],
  "distance_matrix": [
    [
      0.0,
      21328.859732577926,
      22164.818026103567,
      19862.078483508834,
      17496.54786046815,
      25716.082830283965,
      29884.790522320684,
      37743.36927957939,
      44418.34433918506,
      50913.05626978356,
      29998.503876946383,
      30589.515518258788,
      32761.68285579236,
      30373.95412018049,
      32504.8746899766,
      35483.61200453736,
      36075.716007967145,
      40722.99508994072,
      43321.39816375911,
      50747.24829461429,
      33860.627759010444,
      35709.569373201324,
      37077.7725988529,
      40020.170233133314,
      40345.93331623078,
      42871.47162492922,
      43861.22573765073,
      45484.00524055747,
      48877.01374973817,
      53365.663389009474,
      42329.31826085955,
      41402.10334665618,
      43376.00307109016,
      45815.424200793874,
      47707.14249403972,
      47094.64171524174,
      46561.30393849194,
      47996.01253798862,
      48508.52999287519,
      54489.92413229086,
      47996.00523415457,
      47689.43419234628,
      47077.18596787146,
      48603.02493683621,
      49998.34861734589,
      49100.61284475688,
      51976.22025247785,
      50120.24702738087,
      52543.46482000083,
      53390.7827928503
    ],
    [
      21328.859732577926,
      0.0,
      7483.333448491298,
      11748.19405543662,
      21620.105657593267,
      11095.41402188195,
      18559.70355934543,
      25462.65369027107,
      35245.64760470729,
      44539.56925550387,
      9695.61999079282,
      9297.303643384614,
      12015.480518281202,
      12211.257263643132,
      14594.870133387269,
      17248.21482760476,
      19877.9307989299,
      23340.986625724727,
      27011.656014244232,
      35433.76961420895,
      13282.422797414963,
      14530.500413705478,
      15861.07016084718,
      19530.68431343088,
      20776.637669441327,
      23082.02442264434,
      24931.5200632877,
      26967.022882862184,
      31075.02672619889,
      36719.392340487146,
      21656.92514917137,
      20073.788868930653,
      22061.73341737308,
      24531.42457493843,
      26651.19969887268,
      26158.61438771634,
      25967.38971448699,
      27356.44604090207,
      29034.14045324528,
      36326.612903057496,
      30177.14221784086,
      28354.086164335786,
      26166.043464610877,
      27340.75147822323,
      28756.38469394034,
      28087.55031935001,
      30851.3619821736,
      29284.719900439588,
      31767.627644557997,
      32994.89919804037
    ],
    [
      22164.818026103567,
      7483.333448491298,
      0.0,
      5346.266762985511,
      16426.584043686562,
      4212.626179472851,
      11277.62098430219,
      18653.041038493724,
      28047.01227362632,
      37147.18875429549,
      15303.599125823426,
      11670.55746474091,
      11930.643318249831,
      8225.498864410314,
      10347.576744570611,
      13326.833517051638,
      14474.392748508824,
      18802.505792487205,
      21862.910492483712,
      29934.89623749528,
      18058.81656838881,
      17901.972360819476,
      16880.041608484546,
      18401.399276904835,
      18262.177152269967,
      20814.788315478232,
      21697.49687356882,
      23360.319056553697,
      26936.30597895122,
      31908.454028602027,
      25586.86607649712,
      21779.866759528595,
      23364.95445173326,
      25452.61861432042,
      26559.815873652,
      25759.72000200946,
      24859.213302363434,
      26306.01191692605,
      26356.400321286263,
      32492.590337716312,
      35994.91363397717,
      33346.86239698229,
      29444.44185434422,
      29521.83540961412,
      29294.399507566788,
      27840.804148356365,
      30875.19239884609,
      28588.96561077688,
      30908.562127167035,
      31463.88688767357
    ],
    [
      19862.078483508834,
      11748.19405543662,
      5346.266762985511,
      0.0,
      11134.868596980255,
      6605.7177720027685,
      10261.351588132266,
      18211.17402946023,
      26322.59530913981,
      34603.710702688775,
      20475.291222782816,
      17004.82802314339,
      16946.45365789475,
      12171.463925617612,
      13776.14098641004,
      16618.490083665372,
      16387.287704088052,
      21184.871151065618,
      23509.49571815981,
      30905.81118795426,
      23368.27034458104,
      23239.2136297087,
      21950.188033647864,
      22798.16411041652,
      22035.769049822047,
      24598.843953249125,
      24885.601227791714,
      26228.283830275763,
      29275.11680709809,
      33523.91417885682,
      30927.95982916664,
      26893.8833285996,
      28373.21922550156,
      30335.93580652408,
      31113.12731710963,
      30218.09296846882,
      29056.01275792969,
      30492.147747711457,
      29717.47108082515,
      34913.67105322555,
      41220.96604589645,
      38676.01187818921,
      34732.91808975608,
      34649.367058456744,
      34012.42057362741,
      32315.02749045224,
      35399.08228400432,
      32875.40131763805,
      35084.7019329983,
      35320.938940042666
    ],
    [
      17496.54786046815,
      21620.105657593267,
      16426.584043686562,
      11134.868596980255,
      0.0,
      17191.898351729484,
      16806.842746600236,
      23470.63847285519,
      27961.16327007292,
      33569.40926156273,
      31050.86653683674,
      28092.562131602823,
      28032.83847187615,
      22835.24770851597,
      24017.37073308243,
      26565.30040479639,
      25038.686813397428,
      29919.46166031276,
      31163.14604646382,
      37064.33255711696,
      34214.395356278306,
      34317.27835791176,
      33042.190408960785,
      33447.43951674872,
      32165.78085627211,
      34664.19077639233,
      34323.68102506567,
      35248.02613088568,
      37500.17177334145,
      40534.58692183309,
      41989.523008051125,
      37995.82906951066,
      39419.333729,
      41295.04378395375,
      41800.72889319678,
      40828.17429826543,
      39434.12654058125,
      40839.65331737696,
      39191.51147175394,
      43032.02133758625,
      51752.09751605337,
      49545.266878309776,
      45861.551929034766,
      45749.77632925518,
      44825.354190506376,
      42920.56182514201,
      46027.70425033861,
      43293.79573915032,
      45365.25441192827,
      45248.134810912845
    ],
    [
      25716.082830283965,
      11095.41402188195,
      4212.626179472851,
      6605.7177720027685,
      17191.898351729484,
      0.0,
      7510.921737232236,
      14516.004716631303,
      24150.701155706065,
      33512.18337303544,
      17234.35689559797,
      12323.81410002244,
      11147.223604344164,
      5657.095419975743,
      7174.156817251077,
      10050.713830147331,
      10456.41044761707,
      15008.029219986767,
      17822.747088465905,
      25781.147862294405,
      19316.334472531253,
      18364.70499241508,
      16103.026591832311,
      16303.873909204363,
      15430.284893919516,
      17994.050189939964,
      18383.97566919993,
      19845.62456451968,
      23163.892788207584,
      27894.78316304828,
      25978.909109390937,
      21051.81637928663,
      22333.954285226937,
      24125.061986927823,
      24650.510504481404,
      23715.112583927334,
      22478.45048771265,
      23910.322533517075,
      23181.970550861224,
      28773.841571454886,
      37407.89058869407,
      34214.69680751672,
      29324.56098297668,
      28762.98616978303,
      27638.253681990165,
      25812.289764956786,
      28909.73606017616,
      26310.798762375893,
      28496.07903789658,
      28716.99515674482
    ],
    [
      29884.790522320684,
      18559.70355934543,
      11277.62098430219,
      10261.351588132266,
      16806.842746600236,
      7510.921737232236,
      0.0,
      7949.876003356896,
      16770.672795459315,
      26002.58558967652,
      24317.88656823514,
      18811.80860206508,
      16479.40071793539,
      10229.49992978675,
      9857.909401465342,
      11348.291686523766,
      8536.723396528654,
      13275.401311506545,
      14382.361353352022,
      20971.144521317605,
      25914.534369262725,
      24331.734554552266,
      20874.61790878339,
      19038.351624390765,
      16731.051658365173,
      18990.369540348664,
      17982.842296854884,
      18630.19612961212,
      20693.42680657885,
      24014.877473227105,
      31588.00517663286,
      25526.91291588382,
      26309.9218611494,
      27546.387822530643,
      27036.98352342437,
      25901.597691289106,
      24068.603178528432,
      25369.93883694539,
      22768.690658819647,
      26233.6142676537,
      43820.5139802651,
      40145.52335608308,
      34242.28134960412,
      32841.59478749799,
      30330.60972315072,
      27906.56477759248,
      30973.96790149417,
      27876.21481980767,
      29664.510619010744,
      29106.8811119484
    ],
    [
      37743.36927957939,
      25462.65369027107,
      18653.041038493724,
      18211.17402946023,
      23470.63847285519,
      14516.004716631303,
      7949.876003356896,
      0.0,
      10379.24423377206,
      20452.960916700875,
      29460.34723015701,
      23398.45032845839,
      20075.26841419938,
      14661.389238606198,
      13017.163279742736,
      12589.83810053911,
      8092.801581587402,
      10441.986937504971,
      9112.868704419598,
      13593.723047880978,
      30195.072182796543,
      27843.81834297055,
      23307.36569808048,
      19593.4839375715,
      16252.354117464374,
      17737.90841832039,
      15417.86207573419,
      15055.268970457071,
      15483.408131411166,
      17227.254838542623,
      34236.728801239566,
      27182.77431692241,
      27341.02359583847,
      27863.16629416653,
      26269.743615648968,
      25021.02808830793,
      22738.395682579558,
      23767.220866937165,
      19472.061935950733,
      20506.85913934989,
      47255.769413861206,
      42932.13840647516,
      35894.887617689696,
      33559.947609776405,
      29645.980534910108,
      26754.25450625586,
      29568.86583769636,
      26163.602760047143,
      27399.904501896173,
      26073.91600575179
    ],
    [
      44418.34433918506,
      35245.64760470729,
      28047.01227362632,
      26322.59530913981,
      27961.16327007292,
      24150.701155706065,
      16770.672795459315,
      10379.24423377206,
      0.0,
      10159.936878144095,
      39815.47742549821,
      33774.53652638266,
      30434.54087823492,
      25005.65425385986,
      23395.40129311006,
      22792.236406391585,
      18289.59010487109,
      19350.082039209134,
      16298.97236918635,
      14894.82552837941,
      40565.34110584797,
      38147.04047951773,
      33456.16804080962,
      29267.973209607582,
      25688.3237864513,
      26658.917011513397,
      23724.248741906275,
      22585.95051177307,
      21068.4135971918,
      19441.053981522,
      44303.26446714738,
      37031.86099327904,
      36943.215410483324,
      37114.76639648438,
      34960.83755758242,
      33699.57884681776,
      31250.75422413593,
      32025.55107020671,
      26681.52961779323,
      24421.027914100843,
      57451.23912513631,
      52971.19958449651,
      45592.14106422746,
      42866.90700853638,
      38250.46079793174,
      35167.18317655581,
      37668.83751061771,
      34198.634877905664,
      34913.58476754855,
      32958.66037240578
    ],
    [
      50913.05626978356,
      44539.56925550387,
      37147.18875429549,
      34603.710702688775,
      33569.40926156273,
      33512.18337303544,
      26002.58558967652,
      20452.960916700875,
      10159.936878144095,
      0.0,
      49739.06166366233,
      43772.43533596462,
      40527.19777507571,
      34947.11648420222,
      33449.499527837004,
      32944.57336656894,
      28438.071143467816,
      29382.144271928053,
      26063.85473690567,
      22653.76810442208,
      50637.034598630926,
      48281.3414744032,
      43615.87639944886,
      39376.68004116535,
      35763.77979328914,
      36601.54044666152,
      33534.92921893595,
      32186.613014483228,
      30033.03788480451,
      26956.15859665091,
      54458.8679881975,
      47159.50578594984,
      47015.12645247059,
      47083.52258273077,
      44748.82697561903,
      43494.5021418136,
      41012.12587076094,
      41683.473979477145,
      36041.508175719,
      32365.691794737228,
      67610.48839960003,
      63121.634751183534,
      55672.830833225045,
      52831.498402557365,
      47977.03144182986,
      44846.949168162304,
      47190.79113259372,
      43737.66330699303,
      44215.51306230374,
      42010.73352784237
    ],
    [
      29998.503876946383,
      9695.61999079282,
      15303.599125823426,
      20475.291222782816,
      31050.86653683674,
      17234.35689559797,
      24317.88656823514,
      29460.34723015701,
      39815.47742549821,
      49739.06166366233,
      0.0,
      6200.383715578756,
      10118.637853226694,
      14810.417659460149,
      16554.58695723361,
      18009.670556948506,
      22081.939833403507,
      23754.674385469607,
      27894.89017573588,
      36249.81145010298,
      3870.1828191643926,
      6523.990056641071,
      10641.227473014837,
      16107.781322725985,
      18883.603003558103,
      20449.53653604952,
      23308.60010311268,
      25601.312626504096,
      30062.778814473408,
      36331.58882845091,
      12331.869447292453,
      12990.855710107891,
      15162.541946146688,
      17775.94339694731,
      20834.022028669904,
      20756.08226664115,
      21450.746513380225,
      22613.876508697707,
      26189.357926516604,
      34498.36473287552,
      20755.90166458512,
      18660.59332273819,
      17103.940027870467,
      19094.18975866225,
      22048.617680766605,
      22314.639226805943,
      24555.26091207512,
      23932.22055056397,
      26412.31167017097,
      28356.17079398178
    ],
    [
      30589.515518258788,
      9297.303643384614,
      11670.55746474091,
      17004.82802314339,
      28092.562131602823,
      12323.81410002244,
      18811.80860206508,
      23398.45032845839,
      33774.53652638266,
      43772.43533596462,
      6200.383715578756,
      0.0,
      4040.016533717872,
      8854.637321960092,
      10415.45730629304,
      11816.595420606169,
      15896.006426869812,
      17640.61983744299,
      21757.715053723696,
      30162.155122552387,
      7104.485240383774,
      6235.024973478054,
      6592.529406113596,
      10997.745932164651,
      13204.001113898386,
      15089.592941089944,
      17635.408562610304,
      19885.14715651121,
      24299.24287473396,
      30461.83214229517,
      13927.655099484797,
      10856.173342467871,
      12788.301238291546,
      15236.47330937892,
      17437.404708907612,
      17027.593229398277,
      17108.66742229254,
      18436.33083040605,
      21024.846632289205,
      29027.19061294092,
      25126.41250367961,
      21924.999137050327,
      17834.127946783385,
      18355.709371204164,
      19460.19498697295,
      18893.209326292515,
      21589.98227425876,
      20198.16593563417,
      22701.44206224115,
      24174.84824414973
    ],
    [
      32761.68285579236,
      12015.480518281202,
      11930.643318249831,
      16946.45365789475,
      28032.83847187615,
      11147.223604344164,
      16479.40071793539,
      20075.26841419938,
      30434.54087823492,
      40527.19777507571,
      10118.637853226694,
      4040.016533717872,
      0.0,
      6262.334068703307,
      7119.550530632813,
      7974.036390927825,
      12268.820783351886,
      13639.350315031355,
      17776.276361218104,
      26148.457220274577,
      10143.598330121336,
      7921.076728157893,
      5009.448561905747,
      7519.371208436639,
      9260.430713466269,
      11303.646912346716,
      13666.80905835283,
      15893.64152943338,
      20286.5487488204,
      26426.220292532707,
      15136.609591523444,
      9966.269497961845,
      11444.318802001166,
      13536.40055243271,
      14967.654989680224,
      14333.345405757394,
      13965.89842878002,
      15368.326147248414,
      17281.51047268231,
      25102.16832395709,
      27480.718113139123,
      23666.27781866005,
      18197.08067045724,
      17717.533730689363,
      17477.947069600017,
      16343.917311601284,
      19264.230535285453,
      17385.675897492827,
      19839.912025499078,
      20980.358594350724
    ],
    [
      30373.95412018049,
      12211.257263643132,
      8225.498864410314,
      12171.463925617612,
      22835.24770851597,
      5657.095419975743,
      10229.49992978675,
      14661.389238606198,
      25005.65425385986,
      34947.11648420222,
      14810.417659460149,
      8854.637321960092,
      6262.334068703307,
      0.0,
      2393.368270753257,
      5248.1946690389,
      7812.894532856173,
      11183.420586353936,
      14802.448639108548,
      23244.735859090084,
      15873.899390699176,
      14106.3620358974,
      10898.49754320382,
      10649.962451240122,
      10057.993807031002,
      12620.77961434223,
      13523.116496329494,
      15293.963845979077,
      19122.54313282606,
      24555.632259026203,
      21396.28838142169,
      15757.743259785524,
      16872.63606108353,
      18546.91557192872,
      18993.808601783203,
      18065.678538312757,
      16895.11847102087,
      18335.04647568646,
      18135.572296312348,
      24563.78567193292,
      33626.16216331008,
      29921.04389959716,
      24293.045173122424,
      23370.3634371796,
      21990.148365467958,
      20163.17918100337,
      23257.39039212308,
      20705.61212005072,
      22934.82068399801,
      23315.059749961423
    ],
    [
      32504.8746899766,
      14594.870133387269,
      10347.576744570611,
      13776.14098641004,
      24017.37073308243,
      7174.156817251077,
      9857.909401465342,
      13017.163279742736,
      23395.40129311006,
      33449.499527837004,
      16554.58695723361,
      10415.45730629304,
      7119.550530632813,
      2393.368270753257,
      0.0,
      2979.370892743915,
      5621.0700299611735,
      8792.12401871832,
      12430.812370324213,
      20891.28599441192,
      17187.88958829355,
      15010.763496328604,
      11070.407315547054,
      9564.865534523262,
      8265.0769385133,
      10824.254332369866,
      11360.09371541646,
      13026.77141248898,
      16766.28264833411,
      22162.3756697536,
      21924.494136,
      15669.021058890774,
      16498.325644411878,
      17889.08468470264,
      17869.531287045174,
      16848.222120606628,
      15424.742125704195,
      16840.024897651052,
      16080.842579539096,
      22242.167442918795,
      34558.27000258046,
      30570.486511794024,
      24394.938921583256,
      23037.601926678657,
      21017.41743588514,
      18931.679069430207,
      22041.62888289105,
      19280.691210980785,
      21398.34564886577,
      21544.92568120692
    ],
    [
      35483.61200453736,
      17248.21482760476,
      13326.833517051638,
      16618.490083665372,
      26565.30040479639,
      10050.713830147331,
      11348.291686523766,
      12589.83810053911,
      22792.236406391585,
      32944.57336656894,
      18009.670556948506,
      11816.595420606169,
      7974.036390927825,
      5248.1946690389,
      2979.370892743915,
      0.0,
      4510.130398917896,
      6137.257615133925,
      10074.614915133556,
      18561.385844470133,
      18035.968241119182,
      15386.432859332364,
      10717.75481775569,
      7722.69398756639,
      5610.305518944253,
      8101.301876205226,
      8386.04809332132,
      10059.651919010725,
      13895.276203323654,
      19485.32459089805,
      21656.54461070431,
      14780.910971623063,
      15239.321524406809,
      16263.161789832637,
      15721.493202737043,
      14615.874180198409,
      12951.040477408313,
      14324.800864294151,
      13137.897496324427,
      19315.791672915457,
      34680.68720309398,
      30354.04225485507,
      23562.246097758823,
      21705.37694954245,
      18991.189653671256,
      16656.875672218004,
      19752.310197913204,
      16809.371011398016,
      18808.83434453085,
      18763.43314659348
    ],
    [
      36075.716007967145,
      19877.9307989299,
      14474.392748508824,
      16387.287704088052,
      25038.686813397428,
      10456.41044761707,
      8536.723396528654,
      8092.801581587402,
      18289.59010487109,
      28438.071143467816,
      22081.939833403507,
      15896.006426869812,
      12268.820783351886,
      7812.894532856173,
      5621.0700299611735,
      4510.130398917896,
      0.0,
      4905.0816288793785,
      7388.524604938236,
      15607.351015782251,
      22404.906624686908,
      19864.99212845768,
      15220.123048836014,
      11705.93000100102,
      8700.844520293433,
      10692.71100667894,
      9446.123727975068,
      10209.432284847684,
      12891.000799808282,
      17445.94207514635,
      26143.97118216873,
      19139.792821154715,
      19418.21454506481,
      20165.74258872878,
      19057.52029814755,
      17858.752106628253,
      15827.578122259163,
      17056.64373452056,
      14246.7816561096,
      18530.270496071465,
      39190.7762850982,
      34839.362965549815,
      27889.40939422689,
      25769.351766080625,
      22421.848907075742,
      19774.255393956595,
      22775.438662339133,
      19554.654318097662,
      21223.533729700903,
      20574.038794222142
    ],
    [
      40722.99508994072,
      23340.986625724727,
      18802.505792487205,
      21184.871151065618,
      29919.46166031276,
      15008.029219986767,
      13275.401311506545,
      10441.986937504971,
      19350.082039209134,
      29382.144271928053,
      23754.674385469607,
      17640.61983744299,
      13639.350315031355,
      11183.420586353936,
      8792.12401871832,
      6137.257615133925,
      4905.0816288793785,
      0.0,
      4165.074771497873,
      12526.617812948276,
      23276.367755533574,
      20228.510128181624,
      15024.938725144822,
      10096.406774096906,
      6412.456581315225,
      7387.268906710872,
      5049.44466788018,
      5354.960253001016,
      8156.818595732705,
      13380.09564889362,
      25408.047422825148,
      17907.854871841388,
      17638.571332968735,
      17775.492330943394,
      15879.71599230403,
      14623.19539522204,
      12303.285068173129,
      13327.946524198194,
      9576.505425399664,
      13769.605607308724,
      38728.82563352298,
      33956.40752026044,
      26298.247718500992,
      23525.593407733868,
      19244.659234627063,
      16317.44974080023,
      19130.939905145857,
      15740.396602028146,
      17095.488573535866,
      16083.559344753454
    ],
    [
      43321.39816375911,
      27011.656014244232,
      21862.910492483712,
      23509.49571815981,
      31163.14604646382,
      17822.747088465905,
      14382.361353352022,
      9112.868704419598,
      16298.97236918635,
      26063.85473690567,
      27894.89017573588,
      21757.715053723696,
      17776.276361218104,
      14802.448639108548,
      12430.812370324213,
      10074.614915133556,
      7388.524604938236,
      4165.074771497873,
      0.0,
      8492.593110221811,
      27437.862954556385,
      24363.260712971634,
      19121.60067134285,
      13977.66005212297,
      10267.988045827286,
      10621.97398812701,
      7471.091915425995,
      6345.017968614482,
      6485.384937197989,
      10075.48763031525,
      29311.06764313256,
      21731.444782663795,
      21258.6458167034,
      21085.13058003549,
      18696.808970639497,
      17439.21059783783,
      14970.082240120442,
      15727.143804337336,
      10642.530597985336,
      11878.53421344169,
      42652.25146799855,
      37768.28678085178,
      29885.801212589224,
      26815.062908100776,
      21961.471110971543,
      18868.74933301864,
      21398.69021296821,
      17929.19152193329,
      18809.13654142434,
      17179.97001630955
    ],
    [
      50747.24829461429,
      35433.76961420895,
      29934.89623749528,
      30905.81118795426,
      37064.33255711696,
      25781.147862294405,
      20971.144521317605,
      13593.723047880978,
      14894.82552837941,
      22653.76810442208,
      36249.81145010298,
      30162.155122552387,
      26148.457220274577,
      23244.735859090084,
      20891.28599441192,
      18561.385844470133,
      15607.351015782251,
      12526.617812948276,
      8492.593110221811,
      0.0,
      35546.6039871966,
      32312.67670522575,
      26976.30877014224,
      21466.179453181077,
      17906.064808914587,
      17424.561601020698,
      13999.0702430593,
      11890.99937221545,
      8207.946812897626,
      4546.230260072403,
      36487.07396308005,
      28855.653374746908,
      27972.52158244015,
      27208.522765197773,
      24082.022975593667,
      22922.26621003095,
      20451.24619618218,
      20698.65951168012,
      14559.318732237369,
      9739.334624491956,
      49757.27652258166,
      44606.93473969784,
      36302.16846690368,
      32678.673866118606,
      26946.34871845349,
      23781.87334549657,
      25607.05394137871,
      22308.8113976828,
      22268.858844790957,
      19755.233589025254
    ],
    [
      33860.627759010444,
      13282.422797414963,
      18058.81656838881,
      23368.27034458104,
      34214.395356278306,
      19316.334472531253,
      25914.534369262725,
      30195.072182796543,
      40565.34110584797,
      50637.034598630926,
      3870.1828191643926,
      7104.485240383774,
      10143.598330121336,
      15873.899390699176,
      17187.88958829355,
      18035.968241119182,
      22404.906624686908,
      23276.367755533574,
      27437.862954556385,
      35546.6039871966,
      0.0,
      3591.1163984166587,
      8776.057282859721,
      14488.663005317449,
      17728.98195279784,
      18879.21945994895,
      22018.1848718062,
      24321.196731529544,
      28780.807270597244,
      35152.233172808694,
      8481.60673108096,
      9838.771966094342,
      11983.516789075777,
      14560.428599520306,
      17903.2469845552,
      17996.64164630691,
      19033.409503799787,
      20061.91177157608,
      24289.53821809876,
      32793.30066138043,
      18095.212650538357,
      15332.280289082091,
      13233.757778534366,
      15342.062774310569,
      18747.15154021184,
      19359.705073996414,
      21356.228849688687,
      21099.617550030933,
      23523.36186903117,
      25697.51031154989
    ],
    [
      35709.569373201324,
      14530.500413705478,
      17901.972360819476,
      23239.2136297087,
      34317.27835791176,
      18364.70499241508,
      24331.734554552266,
      27843.81834297055,
      38147.04047951773,
      48281.3414744032,
      6523.990056641071,
      6235.024973478054,
      7921.076728157893,
      14106.3620358974,
      15010.763496328604,
      15386.432859332364,
      19864.99212845768,
      20228.510128181624,
      24363.260712971634,
      32312.67670522575,
      3591.1163984166587,
      0.0,
      5354.578354996776,
      11037.444991150682,
      14418.216731878583,
      15405.313823052697,
      18615.92914721427,
      20909.841873435827,
      25351.123773072148,
      31738.194832017547,
      7694.384657173389,
      6477.432702676962,
      8649.37746390304,
      11260.30472737866,
      14434.481473720498,
      14465.79675075466,
      15445.97630873131,
      16489.637759139903,
      20724.702674388045,
      29249.14916217199,
      19559.74499440364,
      15886.782080294255,
      11741.117930459624,
      12911.074817305478,
      15525.677717946486,
      15904.748588470282,
      18050.37437538007,
      17597.856332268042,
      20046.269313899305,
      22151.473432649535
    ],
    [
      37077.7725988529,
      15861.07016084718,
      16880.041608484546,
      21950.188033647864,
      33042.190408960785,
      16103.026591832311,
      20874.61790878339,
      23307.36569808048,
      33456.16804080962,
      43615.87639944886,
      10641.227473014837,
      6592.529406113596,
      5009.448561905747,
      10898.49754320382,
      11070.407315547054,
      10717.75481775569,
      15220.123048836014,
      15024.938725144822,
      19121.60067134285,
      26976.30877014224,
      8776.057282859721,
      5354.578354996776,
      0.0,
      5712.85238167259,
      9072.44879771604,
      10103.671191856058,
      13268.196928193864,
      15565.931360248063,
      20016.498657456155,
      26397.459128399925,
      10956.079404320377,
