{
  "instance_name": "cab25_TT_q5",
  "source_prefix": "cab25",
  "benchmark_version": "unified_hlrp_v2",
  "modeling_choices": {
    "single_allocation": true,
    "use_hub_capacity": true,
    "use_hub_fixed_cost": true,
    "use_vehicle_capacity": false,
    "use_karimi_covering_timebound": false,
    "local_tours": "closed tours starting and ending at the same hub",
    "route_cardinality_bound_q": 5,
    "candidate_hubs": "all nodes",
    "assignment_cost_mode": "normalized_throughput_distance",
    "objective_terms": [
      "hub_fixed_cost",
      "local_route_cost",
      "assignment_cost",
      "inter_hub_flow_cost",
      "vehicle_fixed_cost"
    ]
  },
  "parameters": {
    "alpha": 0.75,
    "cap_type": "T",
    "cost_type": "T",
    "q": 5,
    "vehicle_fixed_cost": 0.0,
    "keep_diag_flow": false,
    "assignment_weight": 1.0,
    "throughput_normalization_mean": 683200.48,
    "ap_meta_collect": null,
    "ap_meta_transfer": null,
    "ap_meta_distribute": null,
    "ap_meta_p": null,
    "source_parameter_rule": "source_neutral_normflow_v2",
    "source_parameter_note": "Non-AP OD flows are scaled to an AP-like total flow. Hub fixed costs and capacities are recomputed from the normalized throughput and flow-weighted distance.",
    "original_total_flow_before_normalization": 8540006.0,
    "target_total_flow_after_normalization": 3800.0,
    "normflow_weighted_distance": 923.3008312950701,
    "normflow_target_hubs": 5.0
  },
  "summary": {
    "n_nodes": 25,
    "n_candidate_hubs": 25,
    "total_flow": 3800.0,
    "total_outbound": 3800.0,
    "total_inbound": 3800.0,
    "avg_nonzero_distance": 1068.1233377331125,
    "avg_nonzero_flow": 6.333333333333333,
    "avg_throughput": 304.0,
    "min_hub_fixed_cost": 8125.764083326243,
    "max_hub_fixed_cost": 11533.009454344836,
    "min_hub_capacity": 836.0000000000001,
    "max_hub_capacity": 1520.0
  },
  "nodes": [
    {
      "id": 0,
      "x": 2169.446,
      "y": 500.957
    },
    {
      "id": 1,
      "x": 2516.6648,
      "y": 961.7451
    },
    {
      "id": 2,
      "x": 2738.4365,
      "y": 1257.3323
    },
    {
      "id": 3,
      "x": 1908.4565,
      "y": 1038.5508
    },
    {
      "id": 4,
      "x": 2097.9512,
      "y": 867.8691
    },
    {
      "id": 5,
      "x": 2219.1228,
      "y": 1058.5159
    },
    {
      "id": 6,
      "x": 1470.6812,
      "y": 380.7935
    },
    {
      "id": 7,
      "x": 1017.5789,
      "y": 866.0049
    },
    {
      "id": 8,
      "x": 2136.3994,
      "y": 1103.6995
    },
    {
      "id": 9,
      "x": 1554.8604,
      "y": 175.9971
    },
    {
      "id": 10,
      "x": 1567.124,
      "y": 818.0894
    },
    {
      "id": 11,
      "x": 233.7585,
      "y": 559.4814
    },
    {
      "id": 12,
      "x": 1841.8398,
      "y": 557.5859
    },
    {
      "id": 13,
      "x": 2504.5686,
      "y": 12.2551
    },
    {
      "id": 14,
      "x": 1614.2637,
      "y": 1220.428
    },
    {
      "id": 15,
      "x": 1858.3076,
      "y": 209.7029
    },
    {
      "id": 16,
      "x": 2625.9639,
      "y": 1103.8071
    },
    {
      "id": 17,
      "x": 2583.7559,
      "y": 1030.7925
    },
    {
      "id": 18,
      "x": 579.6152,
      "y": 465.5835
    },
    {
      "id": 19,
      "x": 2311.228,
      "y": 1008.8391
    },
    {
      "id": 20,
      "x": 1796.4104,
      "y": 808.5042
    },
    {
      "id": 21,
      "x": 61.8462,
      "y": 877.5325
    },
    {
      "id": 22,
      "x": 251.3208,
      "y": 1546.1401
    },
    {
      "id": 23,
      "x": 2348.9854,
      "y": 134.3997
    },
    {
      "id": 24,
      "x": 2491.4263,
      "y": 935.3845
    }
  ],
  "hub_fixed_cost": [
    8587.259365500166,
    8575.229872990307,
    9797.973947774686,
    9737.69434447641,
    8125.764083326243,
    8556.663405528596,
    8850.484041015025,
    9038.38693501295,
    8791.74323803191,
    8873.32288193915,
    8386.739634901694,
    10484.760028156505,
    8135.611761406155,
    9772.016393668133,
    8726.57723859801,
    8644.223425870972,
    11533.009454344836,
    9033.186952791175,
    9243.875689940858,
    8571.050157488966,
    8366.999549519645,
    10162.953567519144,
    9611.663844618202,
    8904.354657431968,
    9264.030324605015
  ],
  "hub_capacity": [
    909.2689326036291,
    858.7593643124192,
    1048.1953364631079,
    1220.684959667409,
    853.4086326936688,
    915.5640004298191,
    919.1755922054537,
    891.5044630781715,
    971.2549990551393,
    890.3538226107063,
    872.3120842148948,
    1102.5511866341092,
    836.0000000000001,
    1025.7710264894529,
    894.3881607078677,
    866.1548904887711,
    1520.0,
    941.0220474950071,
    850.3485373182996,
    909.3064424690882,
    911.7891900504296,
    1005.2146064376524,
    869.3579288649441,
    866.7063868890364,
    1033.727173087398
  ],
  "outbound_flow": [
    108.0698772342783,
    63.73093883072213,
    230.0239835897071,
    381.4409732264825,
    59.0338929504265,
    113.59589208719525,
    116.76626456702725,
    92.47564931453209,
    162.4832582084837,
    91.4655797665716,
    75.62795623328601,
    277.73931306371446,
    43.75203015079849,
    210.3391964830001,
    95.00705268825337,
    70.22297174030089,
    644.1894303118756,
    135.94379207696107,
    56.34764191032185,
    108.1028046116127,
    110.2822410195028,
    192.29410377463435,
    73.0347027859231,
    70.7070931800282,
    217.32336019436053
  ],
  "inbound_flow": [
    108.06987723427827,
    63.73093883072213,
    230.0239835897071,
    381.44097322648247,
    59.033892950426505,
    113.59589208719527,
    116.76626456702724,
    92.47564931453208,
    162.4832582084837,
    91.4655797665716,
    75.627956233286,
    277.73931306371446,
    43.7520301507985,
    210.33919648300014,
    95.00705268825337,
    70.2229717403009,
    644.1894303118756,
    135.94379207696107,
    56.347641910321855,
    108.10280461161267,
    110.28224101950278,
    192.29410377463438,
    73.03470278592312,
    70.70709318002821,
    217.3233601943605
  ],
  "node_throughput": [
    216.13975446855656,
    127.46187766144426,
    460.0479671794142,
    762.8819464529649,
    118.06778590085301,
    227.19178417439053,
    233.53252913405447,
    184.95129862906418,
    324.9665164169674,
    182.9311595331432,
    151.255912466572,
    555.4786261274289,
    87.50406030159698,
    420.6783929660003,
    190.01410537650673,
    140.44594348060178,
    1288.3788606237513,
    271.88758415392215,
    112.69528382064371,
    216.20560922322537,
    220.56448203900558,
    384.58820754926876,
    146.06940557184623,
    141.41418636005642,
    434.64672038872106
  ],
  "node_throughput_normalized": [
    0.7109860344360414,
    0.41928249230738246,
    1.5133156815112307,
    2.509480087016332,
    0.38838087467385857,
    0.7473413953104951,
    0.7681991089936002,
    0.608392429700869,
    1.0689688040031822,
    0.6017472353063921,
    0.4975523436400395,
    1.827232322787595,
    0.2878423036236743,
    1.3838105031776324,
    0.6250463992648247,
    0.4619932351335585,
    4.238088357314972,
    0.8943670531379018,
    0.37070817046264376,
    0.7112026619185045,
    0.7255410593388342,
    1.2650927879910157,
    0.48049146569686263,
    0.46517824460544877,
    1.4297589486471087
  ],
  "distance_matrix": [
    [
      0.0,
      576.9632294826508,
      946.495527480368,
      597.5973668856732,
      373.8127814206598,
      559.7675512455595,
      709.0215176222016,
      1208.328508873651,
      603.6477442000507,
      695.2081676270568,
      680.7090059737419,
      1936.5720237191308,
      332.46451629256615,
      592.5678898610438,
      908.7716468256974,
      426.1878162516731,
      756.1989394930545,
      672.5907747644627,
      1590.2242788773192,
      527.301017469538,
      483.4675160703146,
      2140.9778196329567,
      2184.4019766061037,
      408.1649793106337,
      540.7389077404548
    ],
    [
      576.9632294826508,
      0.0,
      369.5327857237162,
      613.0387032980707,
      429.10812413768167,
      312.8830923789906,
      1196.489219764023,
      1502.1400472242426,
      405.89755618446407,
      1241.961200425907,
      960.3461308336332,
      2318.0761978238293,
      786.596109556639,
      949.567047740411,
      938.746285230264,
      999.5007120421076,
      179.2425873078439,
      96.27439506935382,
      1999.5843283479492,
      210.76556557046976,
      736.3757017665439,
      2456.262632721656,
      2339.5086993557,
      844.1663296326856,
      36.49469981531559
    ],
    [
      946.495527480368,
      369.5327857237162,
      0.0,
      858.331023057101,
      749.6018967894423,
      556.0707508192187,
      1541.2734243421994,
      1764.7912095963418,
      621.3305939773528,
      1603.16505677059,
      1250.9625485427848,
      2600.0784146472984,
      1137.3348964855734,
      1266.850989110499,
      1124.7783833352817,
      1368.2668746847487,
      190.3157187039471,
      274.31071616034234,
      2299.42940044593,
      494.2225945042272,
      1043.4844687060847,
      2703.4022124231037,
      2503.8279594507544,
      1188.5494450943006,
      405.7886455149773
    ],
    [
      597.5973668856732,
      613.0387032980707,
      858.331023057101,
      0.0,
      255.030359061387,
      311.3071717350888,
      790.1214330679684,
      907.4331853026812,
      237.07028234702867,
      932.2172961916656,
      406.338657336722,
      1741.8728085656428,
      485.5564022344881,
      1186.858247477305,
      345.87384904279776,
      830.3636272776042,
      720.4687736081629,
      675.3439648499498,
      1447.104255903831,
      403.8659014191964,
      255.8823297861148,
      1853.6171376530212,
      1733.1317392769022,
      1005.7608678838226,
      592.0279327597052
    ],
    [
      373.8127814206598,
      429.10812413768167,
      749.6018967894423,
      255.030359061387,
      0.0,
      225.89546032800232,
      794.1727098152895,
      1080.3739083525345,
      238.9440136253678,
      879.5649387217751,
      533.1562011192685,
      1889.5283528554369,
      402.3291108187425,
      947.3188623577386,
      598.5410392157418,
      700.4368649945546,
      578.3287570277741,
      512.396565962,
      1570.7252824295406,
      255.6551081403226,
      307.3288880282002,
      2036.1279312274464,
      1967.255800257089,
      775.2390149534529,
      399.22547959413873
    ],
    [
      559.7675512455595,
      312.8830923789906,
      556.0707508192187,
      311.3071717350888,
      225.89546032800232,
      0.0,
      1009.689298780729,
      1216.868205167762,
      94.25878535457603,
      1104.5741117766613,
      694.9153452786103,
      2047.1215977329584,
      627.1150827312322,
      1084.5003302693274,
      626.1549800003352,
      922.3183384927572,
      409.3543372759718,
      365.6854994707474,
      1743.4316738626496,
      104.64775356059968,
      491.1126380481877,
      2164.8550344037176,
      2027.318936830029,
      933.1961455027556,
      298.8486870946734
    ],
    [
      709.0215176222016,
      1196.489219764023,
      1541.2734243421994,
      790.1214330679684,
      794.1727098152895,
      1009.689298780729,
      0.0,
      663.8763416143477,
      982.7379135086017,
      221.42200244239507,
      447.8045531575689,
      1249.7628300528463,
      411.1134381794397,
      1097.6081760597997,
      851.8227678904223,
      423.7053450044265,
      1362.8744559585268,
      1288.9662477276472,
      895.0910347311049,
      1049.2665050737112,
      537.6206419280513,
      1493.8425925598722,
      1686.67497853609,
      912.2105965269644,
      1161.6762614665972
    ],
    [
      1208.328508873651,
      1502.1400472242426,
      1764.7912095963418,
      907.4331853026812,
      1080.3739083525345,
      1216.868205167762,
      663.8763416143477,
      0.0,
      1143.79107973852,
      874.5182526986445,
      551.630050010204,
      841.624070181224,
      880.0729008609513,
      1714.6507192154704,
      694.0089944407422,
      1066.5632012251735,
      1625.8696732979065,
      1574.8223228170093,
      593.4218567727768,
      1301.5105080714677,
      780.9512378457057,
      955.8022177265808,
      1024.5659403350523,
      1519.173932408429,
      1475.4794771134298
    ],
    [
      603.6477442000507,
      405.89755618446407,
      621.3305939773528,
      237.07028234702867,
      238.9440136253678,
      94.25878535457603,
      982.7379135086017,
      1143.79107973852,
      0.0,
      1094.9060925425338,
      636.9047105079139,
      1978.943085265572,
      620.4880515022991,
      1151.8678040990642,
      535.0245152577028,
      936.2504846667904,
      489.5645118245504,
      453.25850101377057,
      1682.4889523636225,
      198.9058442231401,
      450.2585760017124,
      2086.8451048219267,
      1936.3044731411223,
      992.3381025013804,
      392.9046181309278
    ],
    [
      695.2081676270568,
      1241.961200425907,
      1603.16505677059,
      932.2172961916656,
      879.5649387217751,
      1104.5741117766613,
      221.42200244239507,
      874.5182526986445,
      1094.9060925425338,
      0.0,
      642.2094032356191,
      1375.6345584965873,
      477.4590959546168,
      963.7204510184685,
      1046.118854110612,
      305.3134195240688,
      1417.0723707038574,
      1337.6476089693467,
      1017.3315502765064,
      1125.0412184865763,
      677.0610268287564,
      1649.6191435767228,
      1891.165600685768,
      795.2137192678205,
      1205.74661862332
    ],
    [
      680.7090059737419,
      960.3461308336332,
      1250.9625485427848,
      406.338657336722,
      533.1562011192685,
      694.9153452786103,
      447.8045531575689,
      551.630050010204,
      636.9047105079139,
      642.2094032356191,
      0.0,
      1358.212669008153,
      378.5906024743482,
      1236.1922573473958,
      405.0907310295437,
      674.47907476156,
      1096.7116931652097,
      1038.64480398605,
      1048.5390024277829,
      768.1641822332581,
      229.4866647193252,
      1506.4510404624673,
      1503.7938299184268,
      1038.6235384854565,
      931.7150220262096
    ],
    [
      1936.5720237191308,
      2318.0761978238293,
      2600.0784146472984,
      1741.8728085656428,
      1889.5283528554369,
      2047.1215977329584,
      1249.7628300528463,
      841.624070181224,
      1978.943085265572,
      1375.6345584965873,
      1358.212669008153,
      0.0,
      1608.0824171446998,
      2335.8157319604,
      1530.5701601947558,
      1661.7775956406022,
      2453.3522257249674,
      2396.794094825413,
      358.37643973802176,
      2125.5121420447217,
      1582.369525582899,
      361.5388514426908,
      986.814990090331,
      2157.5169269691723,
      2288.747918785826
    ],
    [
      332.46451629256615,
      786.596109556639,
      1137.3348964855734,
      485.5564022344881,
      402.3291108187425,
      627.1150827312322,
      411.1134381794397,
      880.0729008609513,
      620.4880515022991,
      477.4590959546168,
      378.5906024743482,
      1608.0824171446998,
      0.0,
      858.2512125118614,
      700.8213258910006,
      348.2725514964394,
      955.6192775003288,
      879.9795371045683,
      1265.5731438565374,
      651.118063648583,
      254.99769343907792,
      1808.5195721618609,
      1872.6959432055808,
      660.5173877119361,
      751.4615114190548
    ],
    [
      592.5678898610438,
      949.567047740411,
      1266.850989110499,
      1186.858247477305,
      947.3188623577386,
      1084.5003302693274,
      1097.6081760597997,
      1714.6507192154704,
      1151.8678040990642,
      963.7204510184685,
      1236.1922573473958,
      2335.8157319604,
      858.2512125118614,
      0.0,
      1500.774657054956,
      675.750629926336,
      1098.281652203154,
      1021.6110138795736,
      1977.6127604812125,
      1015.1651376324742,
      1065.5987356777644,
      2591.44702867192,
      2725.789581282796,
      197.80150512925832,
      923.2229466351288
    ],
    [
      908.7716468256974,
      938.746285230264,
      1124.7783833352817,
      345.87384904279776,
      598.5410392157418,
      626.1549800003352,
      851.8227678904223,
      694.0089944407422,
      535.0245152577028,
      1046.118854110612,
      405.0907310295437,
      1530.5701601947558,
      700.8213258910006,
      1500.774657054956,
      0.0,
      1039.7704808741305,
      1018.3995920054418,
      987.8647421186214,
      1280.737185269679,
      728.374284333062,
      450.3983096408446,
      1589.8356576157487,
      1401.3214194990455,
      1311.210679048863,
      922.314492855344
    ],
    [
      426.1878162516731,
      999.5007120421076,
      1368.2668746847487,
      830.3636272776042,
      700.4368649945546,
      922.3183384927572,
      423.7053450044265,
      1066.5632012251735,
      936.2504846667904,
      305.3134195240688,
      674.47907476156,
      1661.7775956406022,
      348.2725514964394,
      675.750629926336,
      1039.7704808741305,
      0.0,
      1178.4390164057409,
      1095.6565918211095,
      1304.0433793682328,
      918.5616772359926,
      601.9919104519013,
      1916.5776624823009,
      2090.088745703895,
      496.42247666990255,
      963.0436505518584
    ],
    [
      756.1989394930545,
      179.2425873078439,
      190.3157187039471,
      720.4687736081629,
      578.3287570277741,
      409.3543372759718,
      1362.8744559585268,
      1625.8696732979065,
      489.5645118245504,
      1417.0723707038574,
      1096.7116931652097,
      2453.3522257249674,
      955.6192775003288,
      1098.281652203154,
      1018.3995920054418,
      1178.4390164057409,
      0.0,
      84.33651093779018,
      2143.5653397059423,
      328.75158976468856,
      880.5468824035779,
      2574.08231687692,
      2415.4892538089694,
      1008.2002760548174,
      215.56098442092903
    ],
    [
      672.5907747644627,
      96.27439506935382,
      274.31071616034234,
      675.3439648499498,
      512.396565962,
      365.6854994707474,
      1288.9662477276472,
      1574.8223228170093,
      453.25850101377057,
      1337.6476089693467,
      1038.64480398605,
      2396.794094825413,
      879.9795371045683,
      1021.6110138795736,
      987.8647421186214,
      1095.6565918211095,
      84.33651093779018,
      0.0,
      2082.316296597972,
      273.41069483465714,
      818.1228664981442,
      2526.562321130055,
      2388.689315197305,
      926.6268070599352,
      132.7683753766687
    ],
    [
      1590.2242788773192,
      1999.5843283479492,
      2299.42940044593,
      1447.104255903831,
      1570.7252824295406,
      1743.4316738626496,
      895.0910347311049,
      593.4218567727768,
      1682.4889523636225,
      1017.3315502765064,
      1048.5390024277829,
      358.37643973802176,
      1265.5731438565374,
      1977.6127604812125,
      1280.737185269679,
      1304.0433793682328,
      2143.5653397059423,
      2082.316296597972,
      0.0,
      1814.8304427838984,
      1264.1934840962954,
      661.6545291630671,
      1129.3271354549663,
      1800.098223439621,
      1968.6885639136044
    ],
    [
      527.301017469538,
      210.76556557046976,
      494.2225945042272,
      403.8659014191964,
      255.6551081403226,
      104.64775356059968,
      1049.2665050737112,
      1301.5105080714677,
      198.9058442231401,
      1125.0412184865763,
      768.1641822332581,
      2125.5121420447217,
      651.118063648583,
      1015.1651376324742,
      728.374284333062,
      918.5616772359926,
      328.75158976468856,
      273.41069483465714,
      1814.8304427838984,
      0.0,
      552.4230565678537,
      2253.2110210485835,
      2128.82832497429,
      875.2541833816734,
      194.59446442293785
    ],
    [
      483.4675160703146,
      736.3757017665439,
      1043.4844687060847,
      255.8823297861148,
      307.3288880282002,
      491.1126380481877,
      537.6206419280513,
      780.9512378457057,
      450.2585760017124,
      677.0610268287564,
      229.4866647193252,
      1582.369525582899,
      254.99769343907792,
      1065.5987356777644,
      450.3983096408446,
      601.9919104519013,
      880.5468824035779,
      818.1228664981442,
      1264.1934840962954,
      552.4230565678537,
      0.0,
      1735.9371734376018,
      1712.1356818304355,
      871.6398382045476,
      706.5024499468492
    ],
    [
      2140.9778196329567,
      2456.262632721656,
      2703.4022124231037,
      1853.6171376530212,
      2036.1279312274464,
      2164.8550344037176,
      1493.8425925598722,
      955.8022177265808,
      2086.8451048219267,
      1649.6191435767228,
      1506.4510404624673,
      361.5388514426908,
      1808.5195721618609,
      2591.44702867192,
      1589.8356576157487,
      1916.5776624823009,
      2574.08231687692,
      2526.562321130055,
      661.6545291630671,
      2253.2110210485835,
      1735.9371734376018,
      0.0,
      694.9365056053107,
      2404.839304114202,
      2430.2687744815407
    ],
    [
      2184.4019766061037,
      2339.5086993557,
      2503.8279594507544,
      1733.1317392769022,
      1967.255800257089,
      2027.318936830029,
      1686.67497853609,
      1024.5659403350523,
      1936.3044731411223,
      1891.165600685768,
      1503.7938299184268,
      986.814990090331,
      1872.6959432055808,
      2725.789581282796,
      1401.3214194990455,
      2090.088745703895,
      2415.4892538089694,
      2388.689315197305,
      1129.3271354549663,
      2128.82832497429,
      1712.1356818304355,
      694.9365056053107,
      0.0,
      2528.4793317496824,
      2321.8731778591205
    ],
    [
      408.1649793106337,
      844.1663296326856,
      1188.5494450943006,
      1005.7608678838226,
      775.2390149534529,
      933.1961455027556,
      912.2105965269644,
      1519.173932408429,
      992.3381025013804,
      795.2137192678205,
      1038.6235384854565,
      2157.5169269691723,
      660.5173877119361,
      197.80150512925832,
      1311.210679048863,
      496.42247666990255,
      1008.2002760548174,
      926.6268070599352,
      1800.098223439621,
      875.2541833816734,
      871.6398382045476,
      2404.839304114202,
      2528.4793317496824,
      0.0,
      813.5515102461859
    ],
    [
      540.7389077404548,
      36.49469981531559,
      405.7886455149773,
      592.0279327597052,
      399.22547959413873,
      298.8486870946734,
      1161.6762614665972,
      1475.4794771134298,
      392.9046181309278,
      1205.74661862332,
      931.7150220262096,
      2288.747918785826,
      751.4615114190548,
      923.2229466351288,
      922.314492855344,
      963.0436505518584,
      215.56098442092903,
      132.7683753766687,
      1968.6885639136044,
      194.59446442293785,
      706.5024499468492,
      2430.2687744815407,
      2321.8731778591205,
      813.5515102461859,
      0.0
    ]
  ],
  "flow_matrix": [
    [
      0.0,
      2.8784757294081524,
      3.394634617352728,
      8.915309895566818,
      2.0868837797069464,
      2.7561104758006025,
      5.200745760600168,
      0.9980555048790364,
      3.941051095280261,
      3.225103120536449,
      1.5836288639609855,
      4.1030181946008,
      4.493697077027814,
      10.174559596328152,
      1.5075399244450178,
      4.443416081909076,
      20.7433577915519,
      5.1789424972300955,
      0.6140510908306154,
      2.3409585426520776,
      2.663112883058864,
      2.995056443754255,
      1.2031841663811478,
      5.450815842518144,
      7.178168258898179
    ],
    [
      2.8784757294081524,
      0.0,
      5.784094296889252,
      6.092454735980279,
      1.4781722635792058,
      2.4811223786025445,
      1.7255725581457437,
      1.4247765165504567,
      2.9808175778799217,
      1.8679612168890747,
      1.0919430267379202,
      3.5485923546189544,
      0.5277279664674709,
      3.311871209458167,
      0.517048817061721,
      2.271544071514704,
      11.0426854501039,
      2.9065084965982457,
      0.3586414342097652,
      3.6415899473606927,
      1.733581920200056,
      3.2629251080151467,
      1.654823193332651,
      0.896603585524413,
      0.25140497559369396
    ],
    [
      3.394634617352728,
      5.784094296889252,
      0.0,
      15.633829765459181,
      2.65020891086025,
      6.283344531608058,
      2.6479840880673855,
      2.566555573848543,
      7.376622452021697,
      1.8875396574662828,
      1.497305739597841,
      9.902241286481532,
      0.8191797523327267,
      10.530086278627907,
      2.899834028219652,
      1.5756195019066732,
      91.25689138860089,
      16.761369956882934,
      1.2837227514828444,
      5.873532173162408,
      3.166367798804825,
      7.637816647903994,
      1.906228168926345,
      3.5975384560619745,
      23.091435767141146
    ],
    [
      8.915309895566818,
      6.092454735980279,
      15.633829765459181,
      0.0,
      8.496153281391138,
      15.626710332522014,
      9.532475738307443,
      12.166220960500496,
      22.844925401691754,
      7.042009103974868,
      12.697953607995123,
      29.094897591406845,
      5.775639970276368,
      19.621602139389598,
      22.92679888046917,
      6.387021273755545,
      76.93214735446321,
      16.599402857562396,
      6.860463564077121,
      11.667415690340265,
      18.823335721309796,
      15.70858381129943,
      6.059527358645884,
      7.822476939711752,
      18.113617250386007
    ],
    [
      2.0868837797069464,
      1.4781722635792058,
      2.65020891086025,
      8.496153281391138,
      0.0,
      3.241121844645074,
      1.3802800606931658,
      0.6950346404908849,
      3.1948455305534913,
      0.8529970587842678,
      1.0025051504647655,
      2.6479840880673855,
      0.8409830157027993,
      3.15791347219194,
      0.8939337981729755,
      0.596252508487699,
      11.258938225570333,
      2.683581252753218,
      0.46320810547439895,
      1.836813697788971,
      2.4259467733395037,
      1.48796148386781,
      0.4747771839972946,
      2.0503966859039675,
      3.137000137939013
    ],
    [
      2.7561104758006025,
      2.4811223786025445,
      6.283344531608058,
      15.626710332522014,
      3.241121844645074,
      0.0,
      2.235056977711725,
      1.5627155297080588,
      4.636085735771146,
      1.576509431023819,
      1.2245424651926473,
      6.412829218152774,
      0.9090625931644545,
      6.960135625197453,
      2.231052296684569,
      0.8970485500829859,
      27.602931426511876,
      6.845779733644215,
      1.3157601997000938,
      2.2403965524146003,
      3.32922482724251,
      3.0070704868357234,
      0.974917347833245,
      2.936321122022631,
      6.310042405122432
    ],
    [
      5.200745760600168,
      1.7255725581457437,
      2.6479840880673855,
      9.532475738307443,
      1.3802800606931658,
      2.235056977711725,
      0.0,
      5.142455403427117,
      2.882925374993882,
      15.244930741266458,
      4.509270836577866,
      12.16978067696908,
      3.083159426351691,
      3.5423628507989338,
      2.0815442050040716,
      6.011916150878583,
      13.26038881003128,
      3.359037452666895,
      2.4695533000796486,
      1.374495521431718,
      4.430957074269035,
      6.278449921463755,
      2.1852209471515596,
      1.21119352843546,
      4.8065071617045705
    ],
    [
      0.9980555048790364,
      1.4247765165504567,
      2.566555573848543,
      12.166220960500496,
      0.6950346404908849,
      1.5627155297080588,
      5.142455403427117,
      0.0,
      2.4984759963868877,
      3.157023543074794,
      4.784703898334498,
      13.510013927390684,
      0.7933718079354979,
      1.5293431878150905,
      3.9588496776231774,
      1.1164160774594303,
      10.355660171667326,
      2.296017122236214,
      3.8934398875129594,
      1.1493434547938257,
      3.2429017028793656,
      7.778425448413034,
      3.528568949483174,
      0.5686647058561786,
      3.758615626265368
    ],
    [
      3.941051095280261,
      2.9808175778799217,
      7.376622452021697,
      22.844925401691754,
      3.1948455305534913,
      4.636085735771146,
      2.882925374993882,
      2.4984759963868877,
      0.0,
      1.9792023565323023,
      2.2586400993160893,
      9.995238879223269,
      2.1282654836542267,
      10.950132821920734,
      4.435851684413336,
      1.8795302954119704,
      35.57269163511126,
      8.899736136016767,
      1.9093429208363553,
      4.718404179107134,
      5.306202360981947,
      5.82503103627796,
      1.8563921383661792,
      5.736038124563379,
      8.676808892171739
    ],
    [
      3.225103120536449,
      1.8679612168890747,
      1.8875396574662828,
      7.042009103974868,
      0.8529970587842678,
      1.576509431023819,
      15.244930741266458,
      3.157023543074794,
      1.9792023565323023,
      0.0,
      1.9444951209636152,
      7.683203032878431,
      1.748265750632962,
      3.827585132844169,
      1.2249874297512202,
      8.905075710719641,
      12.494604804727304,
      2.6568833792388435,
      0.9482194743188705,
      1.5925281551324437,
      3.029763679322942,
      3.762175342733951,
      1.2761583539871049,
      1.039437208826317,
      2.4989209609454606
    ],
    [
      1.5836288639609855,
      1.0919430267379202,
      1.497305739597841,
      12.697953607995123,
      1.0025051504647655,
      1.2245424651926473,
      4.509270836577866,
      4.784703898334498,
      2.2586400993160893,
      1.9444951209636152,
      0.0,
      6.80217320690407,
      1.3718257340802804,
      1.8207949736803464,
      3.4266720655699774,
      1.2499054450313032,
      7.693882182284181,
      1.9854318603523229,
      1.4412402052176545,
      1.0274231657448485,
      7.120767830842273,
      3.729247965399556,
      1.349577506151635,
      0.7809128002954565,
      3.233112482590762
    ],
    [
      4.1030181946008,
      3.5485923546189544,
      9.902241286481532,
      29.094897591406845,
      2.6479840880673855,
      6.412829218152774,
      12.16978067696908,
      13.510013927390684,
      9.995238879223269,
      7.683203032878431,
      6.80217320690407,
      0.0,
      2.4268367024566495,
      6.679362988737947,
      7.882102190560522,
      4.4661092743962945,
      46.94687568135198,
      8.91708975380111,
      14.14097367144707,
      4.8154064528760285,
      7.319666988524364,
      40.97367144706924,
      14.642893693517312,
      1.7197880188842958,
      10.938563743397838
    ],
    [
      4.493697077027814,
      0.5277279664674709,
      0.8191797523327267,
      5.775639970276368,
      0.8409830157027993,
      0.9090625931644545,
      3.083159426351691,
      0.7933718079354979,
      2.1282654836542267,
      1.748265750632962,
      1.3718257340802804,
      2.4268367024566495,
      0.0,
      1.4465797799205293,
      0.5010300929530963,
      2.6368599741030625,
      4.740207442477207,
      1.3624814783502495,
      0.33772809995683845,
      0.5584305210090016,
      2.746766220070571,
      1.3233245971958334,
      0.4698825738529926,
      0.6692266960936561,
      2.0414973947325095
    ],
    [
      10.174559596328152,
      3.311871209458167,
      10.530086278627907,
      19.621602139389598,
      3.15791347219194,
      6.960135625197453,
      3.5423628507989338,
      1.5293431878150905,
      10.950132821920734,
      3.827585132844169,
      1.8207949736803464,
      6.679362988737947,
      1.4465797799205293,
      0.0,
      2.4695533000796486,
      4.215149263361173,
      75.37566132857518,
      11.156596377098564,
      0.5206085335303043,
      6.350534179952566,
      3.8013322238883673,
      3.5881942003319436,
      0.8187347877741538,
      9.174279268656251,
      9.31622296284101
    ],
    [
      1.5075399244450178,
      0.517048817061721,
      2.899834028219652,
      22.92679888046917,
      0.8939337981729755,
      2.231052296684569,
      2.0815442050040716,
      3.9588496776231774,
      4.435851684413336,
      1.2249874297512202,
      3.4266720655699774,
      7.882102190560522,
      0.5010300929530963,
      2.4695533000796486,
      0.0,
      0.9575637300489016,
      11.932169602691145,
      3.084049355468837,
      2.201239671260184,
      1.1907251587411063,
      3.574400299016183,
      5.647490177407369,
      2.7396467871334047,
      1.3638163720259682,
      5.359153143452124
    ],
    [
      4.443416081909076,
      2.271544071514704,
      1.5756195019066732,
      6.387021273755545,
      0.596252508487699,
      0.8970485500829859,
      6.011916150878583,
      1.1164160774594303,
      1.8795302954119704,
      8.905075710719641,
      1.2499054450313032,
      4.4661092743962945,
      2.6368599741030625,
      4.215149263361173,
      0.9575637300489016,
      0.0,
      9.702897164240868,
      2.0107948401909788,
      0.394238598895598,
      0.7751282610340087,
      2.127820519095654,
      2.871356296470986,
      0.8997183374344233,
      1.5778443246995377,
      2.2537454891717874
    ],
    [
      20.7433577915519,
      11.0426854501039,
      91.25689138860089,
      76.93214735446321,
      11.258938225570333,
      27.602931426511876,
      13.26038881003128,
      10.355660171667326,
      35.57269163511126,
      12.494604804727304,
      7.693882182284181,
      46.94687568135198,
      4.740207442477207,
      75.37566132857518,
      11.932169602691145,
      9.702897164240868,
      0.0,
      4.022479609499103,
      4.956460217943641,
      28.100846767554962,
      15.169731730867635,
      31.563560962369348,
      6.65533490257501,
      12.636103534353488,
      74.17292212675261
    ],
    [
      5.1789424972300955,
      2.9065084965982457,
      16.761369956882934,
      16.599402857562396,
      2.683581252753218,
      6.845779733644215,
      3.359037452666895,
      2.296017122236214,
      8.899736136016767,
      2.6568833792388435,
      1.9854318603523229,
      8.91708975380111,
      1.3624814783502495,
      11.156596377098564,
      3.084049355468837,
      2.0107948401909788,
      4.022479609499103,
      0.0,
      1.2467906931212929,
      13.448608818307621,
      3.551707106528965,
      6.65844965448502,
      2.0419423592910824,
      2.7707943062335083,
      5.4993169794025905
    ],
    [
      0.6140510908306154,
      0.3586414342097652,
      1.2837227514828444,
      6.860463564077121,
      0.46320810547439895,
      1.3157601997000938,
      2.4695533000796486,
      3.8934398875129594,
      1.9093429208363553,
      0.9482194743188705,
      1.4412402052176545,
      14.14097367144707,
      0.33772809995683845,
      0.5206085335303043,
      2.201239671260184,
      0.394238598895598,
      4.956460217943641,
      1.2467906931212929,
      0.0,
      0.8316387599727681,
      1.6534882996569322,
      5.121542069174191,
      1.5658302816180691,
      0.2531848338279856,
      1.566275246176642
    ],
    [
      2.3409585426520776,
      3.6415899473606927,
      5.873532173162408,
      11.667415690340265,
      1.836813697788971,
      2.2403965524146003,
      1.374495521431718,
      1.1493434547938257,
      4.718404179107134,
      1.5925281551324437,
      1.0274231657448485,
      4.8154064528760285,
      0.5584305210090016,
      6.350534179952566,
      1.1907251587411063,
      0.7751282610340087,
      28.100846767554962,
      13.448608818307621,
      0.8316387599727681,
      0.0,
      2.2337220840360064,
      2.941215732166933,
      0.9517791907874538,
      2.4166025176094723,
      6.02526508763577
    ],
    [
      2.663112883058864,
      1.733581920200056,
      3.166367798804825,
      18.823335721309796,
      2.4259467733395037,
      3.32922482724251,
      4.430957074269035,
      3.2429017028793656,
      5.306202360981947,
      3.029763679322942,
      7.120767830842273,
      7.319666988524364,
      2.746766220070571,
      3.8013322238883673,
      3.574400299016183,
      2.127820519095654,
      15.169731730867635,
      3.551707106528965,
      1.6534882996569322,
      2.2337220840360064,
      0.0,
      4.423837641331868,
      1.457703893884852,
      1.699764613748515,
      5.250136826601761
    ],
    [
      2.995056443754255,
      3.2629251080151467,
      7.637816647903994,
      15.70858381129943,
      1.48796148386781,
      3.0070704868357234,
      6.278449921463755,
      7.778425448413034,
      5.82503103627796,
      3.762175342733951,
      3.729247965399556,
      40.97367144706924,
      1.3233245971958334,
      3.5881942003319436,
      5.647490177407369,
      2.871356296470986,
      31.563560962369348,
      6.65844965448502,
      5.121542069174191,
      2.941215732166933,
      4.423837641331868,
      0.0,
      15.700574449245117,
      1.1417790572980862,
      8.866363794123798
    ],
    [
      1.2031841663811478,
      1.654823193332651,
      1.906228168926345,
      6.059527358645884,
      0.4747771839972946,
      0.974917347833245,
      2.1852209471515596,
      3.528568949483174,
      1.8563921383661792,
      1.2761583539871049,
      1.349577506151635,
      14.642893693517312,
      0.4698825738529926,
      0.8187347877741538,
      2.7396467871334047,
      0.8997183374344233,
      6.65533490257501,
      2.0419423592910824,
      1.5658302816180691,
      0.9517791907874538,
      1.457703893884852,
      15.700574449245117,
      0.0,
      0.4182666850585351,
      2.2030195294944757
    ],
    [
      5.450815842518144,
      0.896603585524413,
      3.5975384560619745,
      7.822476939711752,
      2.0503966859039675,
      2.936321122022631,
      1.21119352843546,
      0.5686647058561786,
      5.736038124563379,
      1.039437208826317,
      0.7809128002954565,
      1.7197880188842958,
      0.6692266960936561,
      9.174279268656251,
      1.3638163720259682,
      1.5778443246995377,
      12.636103534353488,
      2.7707943062335083,
      0.2531848338279856,
      2.4166025176094723,
      1.699764613748515,
      1.1417790572980862,
      0.4182666850585351,
      0.0,
      2.7752439518192378
    ],
    [
      7.178168258898179,
      0.25140497559369396,
      23.091435767141146,
      18.113617250386007,
      3.137000137939013,
      6.310042405122432,
      4.8065071617045705,
      3.758615626265368,
      8.676808892171739,
      2.4989209609454606,
      3.233112482590762,
      10.938563743397838,
      2.0414973947325095,
      9.31622296284101,
      5.359153143452124,
      2.2537454891717874,
      74.17292212675261,
      5.4993169794025905,
      1.566275246176642,
      6.02526508763577,
      5.250136826601761,
      8.866363794123798,
      2.2030195294944757,
      2.7752439518192378,
      0.0
    ]
  ],
  "distance_edges": [
    {
      "from": 0,
      "to": 0,
      "cost": 0.0
    },
    {
      "from": 0,
      "to": 1,
      "cost": 576.9632294826508
    },
    {
      "from": 0,
      "to": 2,
      "cost": 946.495527480368
    },
    {
      "from": 0,
      "to": 3,
      "cost": 597.5973668856732
    },
    {
      "from": 0,
      "to": 4,
      "cost": 373.8127814206598
    },
    {
      "from": 0,
      "to": 5,
      "cost": 559.7675512455595
    },
    {
      "from": 0,
      "to": 6,
      "cost": 709.0215176222016
    },
    {
      "from": 0,
      "to": 7,
      "cost": 1208.328508873651
    },
    {
      "from": 0,
      "to": 8,
      "cost": 603.6477442000507
    },
    {
      "from": 0,
      "to": 9,
      "cost": 695.2081676270568
    },
    {
      "from": 0,
      "to": 10,
      "cost": 680.7090059737419
    },
    {
      "from": 0,
      "to": 11,
      "cost": 1936.5720237191308
    },
    {
      "from": 0,
      "to": 12,
