{
  "instance_name": "tr40_TT_q5",
  "source_prefix": "tr40",
  "benchmark_version": "unified_hlrp_v2",
  "modeling_choices": {
    "single_allocation": true,
    "use_hub_capacity": true,
    "use_hub_fixed_cost": true,
    "use_vehicle_capacity": false,
    "use_karimi_covering_timebound": false,
    "local_tours": "closed tours starting and ending at the same hub",
    "route_cardinality_bound_q": 5,
    "candidate_hubs": "all nodes",
    "assignment_cost_mode": "normalized_throughput_distance",
    "objective_terms": [
      "hub_fixed_cost",
      "local_route_cost",
      "assignment_cost",
      "inter_hub_flow_cost",
      "vehicle_fixed_cost"
    ]
  },
  "parameters": {
    "alpha": 0.75,
    "cap_type": "T",
    "cost_type": "T",
    "q": 5,
    "vehicle_fixed_cost": 0.0,
    "keep_diag_flow": false,
    "assignment_weight": 1.0,
    "throughput_normalization_mean": 1261997.25,
    "ap_meta_collect": null,
    "ap_meta_transfer": null,
    "ap_meta_distribute": null,
    "ap_meta_p": null,
    "source_parameter_rule": "source_neutral_normflow_v2",
    "source_parameter_note": "Non-AP OD flows are scaled to an AP-like total flow. Hub fixed costs and capacities are recomputed from the normalized throughput and flow-weighted distance.",
    "original_total_flow_before_normalization": 25239945.0,
    "target_total_flow_after_normalization": 3800.0,
    "normflow_weighted_distance": 721.6092967318273,
    "normflow_target_hubs": 6.0
  },
  "summary": {
    "n_nodes": 40,
    "n_candidate_hubs": 40,
    "total_flow": 3800.0,
    "total_outbound": 3800.0,
    "total_inbound": 3800.0,
    "avg_nonzero_distance": 794.2346153846154,
    "avg_nonzero_flow": 2.4358974358974357,
    "avg_throughput": 190.0,
    "min_hub_fixed_cost": 5279.401600079019,
    "max_hub_fixed_cost": 7584.198796783722,
    "min_hub_capacity": 696.6666666666667,
    "max_hub_capacity": 1653.1719646774195
  },
  "nodes": [
    {
      "id": 0,
      "x": 36.991419,
      "y": 35.330829
    },
    {
      "id": 1,
      "x": 37.76365,
      "y": 38.277259
    },
    {
      "id": 2,
      "x": 38.756885,
      "y": 30.538704
    },
    {
      "id": 3,
      "x": 39.719074,
      "y": 43.050591
    },
    {
      "id": 4,
      "x": 40.656455,
      "y": 35.837346999999994
    },
    {
      "id": 5,
      "x": 39.933363,
      "y": 32.859742
    },
    {
      "id": 6,
      "x": 36.896891,
      "y": 30.713323
    },
    {
      "id": 7,
      "x": 41.180937,
      "y": 41.820819
    },
    {
      "id": 8,
      "x": 37.838016,
      "y": 27.84556
    },
    {
      "id": 9,
      "x": 39.653298,
      "y": 27.890342
    },
    {
      "id": 10,
      "x": 40.142573,
      "y": 29.97933
    },
    {
      "id": 11,
      "x": 38.885464,
      "y": 40.496625
    },
    {
      "id": 12,
      "x": 38.400569,
      "y": 42.109502
    },
    {
      "id": 13,
      "x": 40.732541,
      "y": 31.608209
    },
    {
      "id": 14,
      "x": 37.718336,
      "y": 30.282333
    },
    {
      "id": 15,
      "x": 40.188528000000005,
      "y": 29.060964
    },
    {
      "id": 16,
      "x": 40.14672,
      "y": 26.408587
    },
    {
      "id": 17,
      "x": 40.600207,
      "y": 33.616223
    },
    {
      "id": 18,
      "x": 40.549926,
      "y": 34.953724
    },
    {
      "id": 19,
      "x": 37.783016,
      "y": 29.096333
    },
    {
      "id": 20,
      "x": 37.924973,
      "y": 40.210983
    },
    {
      "id": 21,
      "x": 41.67713,
      "y": 26.555715000000003
    },
    {
      "id": 22,
      "x": 38.674816,
      "y": 39.222515
    },
    {
      "id": 23,
      "x": 39.746797,
      "y": 39.491124
    },
    {
      "id": 24,
      "x": 39.905499,
      "y": 41.265824
    },
    {
      "id": 25,
      "x": 39.766706,
      "y": 30.525631
    },
    {
      "id": 26,
      "x": 37.065953,
      "y": 37.37811
    },
    {
      "id": 27,
      "x": 40.917532,
      "y": 38.392653
    },
    {
      "id": 28,
      "x": 40.460825,
      "y": 39.480321
    },
    {
      "id": 29,
      "x": 37.577427,
      "y": 43.736782
    },
    {
      "id": 30,
      "x": 36.202284000000006,
      "y": 36.161322
    },
    {
      "id": 31,
      "x": 37.762649,
      "y": 30.553705
    },
    {
      "id": 32,
      "x": 36.632173,
      "y": 33.617577000000004
    },
    {
      "id": 33,
      "x": 41.008238,
      "y": 28.978359
    },
    {
      "id": 34,
      "x": 38.423734,
      "y": 27.142826
    },
    {
      "id": 35,
      "x": 40.601338,
      "y": 43.097453
    },
    {
      "id": 36,
      "x": 41.376625,
      "y": 33.776497
    },
    {
      "id": 37,
      "x": 38.720489,
      "y": 35.482597
    },
    {
      "id": 38,
      "x": 41.735472,
      "y": 27.224369
    },
    {
      "id": 39,
      "x": 39.146078,
      "y": 34.159499
    }
  ],
  "hub_fixed_cost": [
    5824.913425945486,
    5743.0950138796725,
    5564.912482747897,
    6011.506498271346,
    5405.8179059399745,
    6073.207594450915,
    5955.048281411986,
    5950.195409272695,
    5979.104855155636,
    5940.980396058946,
    5542.281059480239,
    5787.295970429525,
    6002.466263963413,
    5466.392529571121,
    5664.744471896632,
    6024.773314707849,
    5991.010924143405,
    5356.765346498521,
    5414.905500570838,
    5878.696774538509,
    5998.434470413213,
    6021.093813633732,
    5746.053304383388,
    5627.692033561219,
    5946.356339024043,
    5581.995616813688,
    5848.606085328496,
    5742.7593239673115,
    5739.605815551138,
    6181.447350985059,
    5848.837606696565,
    5686.699996353854,
    5736.677991558969,
    7584.198796783722,
    6554.572873688146,
    6026.159239106781,
    5511.878384690431,
    5490.918793030719,
    5964.124863319827,
    5279.401600079019
  ],
  "hub_capacity": [
    795.0643617516059,
    712.8807730825065,
    734.6131433451671,
    711.771675425127,
    709.7645508688895,
    951.9331581990134,
    774.0947638986584,
    697.0336542881761,
    732.3125154628458,
    752.7911514512265,
    697.2098539013405,
    701.7041100240091,
    711.4807752327558,
    702.8256810304274,
    701.807964212747,
    821.5728315932647,
    717.0580434437264,
    702.7466108439105,
    726.6790087172949,
    744.4844433107536,
    761.3230306578301,
    712.5003901687684,
    724.9244423631217,
    706.1412056689073,
    751.620500527937,
    734.5811464932843,
    767.7908959901878,
    721.3631927485728,
    696.6666666666667,
    700.2659871117609,
    734.2644318915976,
    720.6614312852463,
    756.6042542524591,
    1653.1719646774195,
    919.2752188172062,
    706.966399055768,
    710.6061765373101,
    759.3117302412621,
    698.6382150621669,
    701.5456984912133
  ],
  "outbound_flow": [
    158.97659840383966,
    42.93226470976858,
    73.83096912453652,
    41.351587731272794,
    38.489838230630056,
    373.23804786420897,
    129.58088458592124,
    20.31092381540451,
    70.56693665536909,
    99.56262582981064,
    20.563103445748396,
    26.98593043685317,
    40.9368086974833,
    28.58783567079881,
    27.133926004989316,
    195.90924623647157,
    48.88265010086195,
    28.474919418406024,
    62.5670460058451,
    87.81767947592596,
    111.60265998994848,
    42.390116143280025,
    60.07340348800285,
    33.32053219608839,
    97.90847800975794,
    73.78640484359217,
    120.71424878303023,
    55.009636510697625,
    19.786239629286037,
    24.931155753310875,
    73.33654649405932,
    54.011306284542215,
    104.94707496391138,
    749.6026714796724,
    329.5603853336448,
    34.498625096053104,
    39.68976160605738,
    108.7665048398481,
    22.60493039901632,
    26.75949571205484
  ],
  "inbound_flow": [
    152.55045920266468,
    40.44238606700609,
    69.8755880807189,
    38.94406267525543,
    36.23377150782222,
    373.77733588563683,
    123.731822711975,
    19.070049479109404,
    66.75277620454403,
    94.60846289482804,
    19.307023054131058,
    25.360839732416213,
    38.55126467193174,
    26.872562519450817,
    25.501156995389646,
    189.20879581948375,
    46.0886503516549,
    26.765969577192028,
    59.11331423265781,
    83.2928994100423,
    106.25404294660706,
    39.92854184111732,
    56.73605073228171,
    31.344196669208277,
    93.0127304160132,
    69.83132490978092,
    115.09809549901954,
    51.91332231508429,
    18.575927958638577,
    23.42319684135603,
    69.40194204068194,
    50.96347079995619,
    99.80968659004607,
    871.1541566354446,
    326.79228104498645,
    32.45694869778836,
    37.370311226906395,
    103.50656469338581,
    21.230513774891342,
    25.147503292895447
  ],
  "node_throughput": [
    311.52705760650434,
    83.37465077677467,
    143.70655720525542,
    80.29565040652822,
    74.72360973845227,
    747.0153837498458,
    253.31270729789622,
    39.380973294513915,
    137.31971285991312,
    194.17108872463868,
    39.870126499879454,
    52.346770169269384,
    79.48807336941505,
    55.46039819024963,
    52.63508300037896,
    385.11804205595536,
    94.97130045251686,
    55.240888995598056,
    121.68036023850291,
    171.11057888596827,
    217.85670293655554,
    82.31865798439735,
    116.80945422028456,
    64.66472886529667,
    190.92120842577114,
    143.61772975337308,
    235.81234428204976,
    106.9229588257819,
    38.36216758792462,
    48.354352594666906,
    142.73848853474126,
    104.97477708449841,
    204.75676155395746,
    1620.756828115117,
    656.3526663786313,
    66.95557379384147,
    77.06007283296378,
    212.27306953323392,
    43.83544417390766,
    51.906999004950286
  ],
  "node_throughput_normalized": [
    1.6396160926658123,
    0.4388139514567088,
    0.7563503010802917,
    0.42260868635014853,
    0.39328215651816983,
    3.9316599144728728,
    1.3332247752520854,
    0.20726828049744164,
    0.722735330841648,
    1.02195309855073,
    0.20984277105199714,
    0.27550931668036516,
    0.41835828089165816,
    0.2918968325802612,
    0.2770267526335735,
    2.0269370634523964,
    0.4998489497500887,
    0.29074152102946343,
    0.6404229486236995,
    0.9005819941366751,
    1.1466142259818712,
    0.43325609465472287,
    0.6147866011593924,
    0.3403406782384035,
    1.0048484653987955,
    0.7558827881756478,
    1.2411176014844725,
    0.5627524148725364,
    0.20190614519960326,
    0.25449659260351004,
    0.7512552028144277,
    0.552498826760518,
    1.0776671660734602,
    8.530299095342722,
    3.45448771778227,
    0.35239775680969193,
    0.4055793306998094,
    1.1172266817538627,
    0.23071286407319821,
    0.2731947316050015
  ],
  "distance_matrix": [
    [
      0.0,
      333.0,
      573.0,
      972.0,
      612.0,
      490.0,
      556.0,
      1016.0,
      893.0,
      896.0,
      768.0,
      637.0,
      736.0,
      677.0,
      671.0,
      837.0,
      1106.0,
      576.0,
      574.0,
      767.0,
      527.0,
      1167.0,
      493.0,
      674.0,
      813.0,
      688.0,
      209.0,
      775.0,
      799.0,
      903.0,
      192.0,
      620.0,
      69.0,
      939.0,
      896.0,
      1016.0,
      690.0,
      333.0,
      1148.0,
      374.0
    ],
    [
      333.0,
      0.0,
      906.0,
      649.0,
      636.0,
      756.0,
      889.0,
      731.0,
      1226.0,
      1229.0,
      1059.0,
      348.0,
      413.0,
      947.0,
      1004.0,
      1128.0,
      1399.0,
      785.0,
      700.0,
      1100.0,
      204.0,
      1437.0,
      286.0,
      549.0,
      528.0,
      979.0,
      148.0,
      799.0,
      694.0,
      666.0,
      321.0,
      953.0,
      402.0,
      1209.0,
      1229.0,
      731.0,
      889.0,
      437.0,
      1418.0,
      571.0
    ],
    [
      573.0,
      906.0,
      0.0,
      1315.0,
      593.0,
      257.0,
      288.0,
      1256.0,
      347.0,
      323.0,
      206.0,
      1130.0,
      1309.0,
      422.0,
      166.0,
      275.0,
      533.0,
      388.0,
      501.0,
      221.0,
      1100.0,
      684.0,
      986.0,
      946.0,
      1134.0,
      146.0,
      782.0,
      885.0,
      1045.0,
      1476.0,
      765.0,
      165.0,
      566.0,
      456.0,
      323.0,
      1335.0,
      502.0,
      544.0,
      665.0,
      432.0
    ],
    [
      972.0,
      649.0,
      1315.0,
      0.0,
      735.0,
      1058.0,
      1451.0,
      374.0,
      1662.0,
      1567.0,
      1360.0,
      362.0,
      236.0,
      1144.0,
      1451.0,
      1416.0,
      1687.0,
      983.0,
      827.0,
      1536.0,
      445.0,
      1634.0,
      502.0,
      369.0,
      183.0,
      1291.0,
      763.0,
      545.0,
      383.0,
      437.0,
      960.0,
      1400.0,
      1041.0,
      1406.0,
      1638.0,
      216.0,
      988.0,
      809.0,
      1615.0,
      943.0
    ],
    [
      612.0,
      636.0,
      593.0,
      735.0,
      0.0,
      336.0,
      874.0,
      709.0,
      940.0,
      832.0,
      625.0,
      641.0,
      834.0,
      409.0,
      759.0,
      681.0,
      952.0,
      248.0,
      92.0,
      814.0,
      702.0,
      899.0,
      551.0,
      366.0,
      554.0,
      569.0,
      609.0,
      338.0,
      452.0,
      1147.0,
      705.0,
      758.0,
      638.0,
      671.0,
      916.0,
      755.0,
      253.0,
      348.0,
      880.0,
      308.0
    ],
    [
      490.0,
      756.0,
      257.0,
      1058.0,
      336.0,
      0.0,
      545.0,
      999.0,
      604.0,
      533.0,
      313.0,
      905.0,
      1098.0,
      191.0,
      423.0,
      382.0,
      653.0,
      131.0,
      244.0,
      478.0,
      912.0,
      681.0,
      761.0,
      689.0,
      877.0,
      233.0,
      672.0,
      628.0,
      788.0,
      1366.0,
      682.0,
      422.0,
      483.0,
      453.0,
      580.0,
      1078.0,
      245.0,
      319.0,
      662.0,
      185.0
    ],
    [
      556.0,
      889.0,
      288.0,
      1451.0,
      874.0,
      545.0,
      0.0,
      1465.0,
      343.0,
      509.0,
      474.0,
      1193.0,
      1292.0,
      690.0,
      122.0,
      543.0,
      719.0,
      676.0,
      782.0,
      221.0,
      1083.0,
      918.0,
      1049.0,
      1082.0,
      1270.0,
      430.0,
      765.0,
      1153.0,
      1207.0,
      1459.0,
      748.0,
      128.0,
      487.0,
      724.0,
      445.0,
      1471.0,
      790.0,
      642.0,
      933.0,
      572.0
    ],
    [
      1016.0,
      731.0,
      1256.0,
      374.0,
      709.0,
      999.0,
      1465.0,
      0.0,
      1603.0,
      1478.0,
      1271.0,
      383.0,
      520.0,
      1055.0,
      1422.0,
      1327.0,
      1598.0,
      911.0,
      755.0,
      1477.0,
      527.0,
      1545.0,
      523.0,
      383.0,
      208.0,
      1232.0,
      845.0,
      371.0,
      334.0,
      765.0,
      1004.0,
      1414.0,
      1085.0,
      1317.0,
      1579.0,
      205.0,
      892.0,
      823.0,
      1526.0,
      957.0
    ],
    [
      893.0,
      1226.0,
      347.0,
      1662.0,
      940.0,
      604.0,
      343.0,
      1603.0,
      0.0,
      293.0,
      525.0,
      1450.0,
      1629.0,
      714.0,
      272.0,
      442.0,
      449.0,
      735.0,
      848.0,
      126.0,
      1420.0,
      664.0,
      1306.0,
      1293.0,
      1481.0,
      489.0,
      1102.0,
      1232.0,
      1392.0,
      1796.0,
      1085.0,
      293.0,
      830.0,
      685.0,
      130.0,
      1682.0,
      849.0,
      864.0,
      681.0,
      779.0
    ],
    [
      896.0,
      1229.0,
      323.0,
      1567.0,
      832.0,
      533.0,
      509.0,
      1478.0,
      293.0,
      0.0,
      245.0,
      1428.0,
      1621.0,
      423.0,
      396.0,
      151.0,
      210.0,
      658.0,
      775.0,
      288.0,
      1423.0,
      411.0,
      1284.0,
      1198.0,
      1386.0,
      300.0,
      1105.0,
      1107.0,
      1269.0,
      1799.0,
      1088.0,
      395.0,
      889.0,
      394.0,
      173.0,
      1587.0,
      668.0,
      842.0,
      428.0,
      708.0
    ],
    [
      768.0,
      1059.0,
      206.0,
      1360.0,
      625.0,
      313.0,
      474.0,
      1271.0,
      525.0,
      245.0,
      0.0,
      1208.0,
      1401.0,
      216.0,
      352.0,
      94.0,
      365.0,
      444.0,
      557.0,
      399.0,
      1215.0,
      478.0,
      1064.0,
      991.0,
      1179.0,
      80.0,
      975.0,
      900.0,
      1062.0,
      1669.0,
      960.0,
      351.0,
      761.0,
      250.0,
      416.0,
      1380.0,
      461.0,
      622.0,
      459.0,
      488.0
    ],
    [
      637.0,
      348.0,
      1130.0,
      362.0,
      641.0,
      905.0,
      1193.0,
      383.0,
      1450.0,
      1428.0,
      1208.0,
      0.0,
      197.0,
      1050.0,
      1228.0,
      1277.0,
      1548.0,
      889.0,
      733.0,
      1324.0,
      144.0,
      1540.0,
      144.0,
      275.0,
      180.0,
      1128.0,
      462.0,
      544.0,
      382.0,
      510.0,
      625.0,
      1177.0,
      706.0,
      1312.0,
      1453.0,
      383.0,
      894.0,
      586.0,
      1521.0,
      720.0
    ],
    [
      736.0,
      413.0,
      1309.0,
      236.0,
      834.0,
      1098.0,
      1292.0,
      520.0,
      1629.0,
      1621.0,
      1401.0,
      197.0,
      0.0,
      1243.0,
      1407.0,
      1470.0,
      1741.0,
      1082.0,
      926.0,
      1503.0,
      209.0,
      1733.0,
      337.0,
      468.0,
      329.0,
      1321.0,
      527.0,
      691.0,
      529.0,
      341.0,
      724.0,
      1356.0,
      805.0,
      1505.0,
      1632.0,
      412.0,
      1087.0,
      779.0,
      1714.0,
      913.0
    ],
    [
      677.0,
      947.0,
      422.0,
      1144.0,
      409.0,
      191.0,
      690.0,
      1055.0,
      714.0,
      423.0,
      216.0,
      1050.0,
      1243.0,
      0.0,
      568.0,
      272.0,
      543.0,
      235.0,
      352.0,
      615.0,
      1103.0,
      490.0,
      952.0,
      775.0,
      963.0,
      296.0,
      863.0,
      684.0,
      846.0,
      1556.0,
      869.0,
      567.0,
      670.0,
      262.0,
      594.0,
      1164.0,
      245.0,
      510.0,
      471.0,
      376.0
    ],
    [
      671.0,
      1004.0,
      166.0,
      1451.0,
      759.0,
      423.0,
      122.0,
      1422.0,
      272.0,
      396.0,
      352.0,
      1228.0,
      1407.0,
      568.0,
      0.0,
      421.0,
      606.0,
      554.0,
      667.0,
      150.0,
      1198.0,
      805.0,
      1084.0,
      1082.0,
      1270.0,
      308.0,
      880.0,
      1051.0,
      1207.0,
      1574.0,
      863.0,
      51.0,
      609.0,
      602.0,
      374.0,
      1471.0,
      668.0,
      642.0,
      811.0,
      572.0
    ],
    [
      837.0,
      1128.0,
      275.0,
      1416.0,
      681.0,
      382.0,
      543.0,
      1327.0,
      442.0,
      151.0,
      94.0,
      1277.0,
      1470.0,
      272.0,
      421.0,
      0.0,
      271.0,
      507.0,
      624.0,
      437.0,
      1284.0,
      420.0,
      1133.0,
      1047.0,
      1235.0,
      149.0,
      1044.0,
      956.0,
      1118.0,
      1738.0,
      1029.0,
      420.0,
      830.0,
      243.0,
      322.0,
      1436.0,
      517.0,
      691.0,
      437.0,
      557.0
    ],
    [
      1106.0,
      1399.0,
      533.0,
      1687.0,
      952.0,
      653.0,
      719.0,
      1598.0,
      449.0,
      210.0,
      365.0,
      1548.0,
      1741.0,
      543.0,
      606.0,
      271.0,
      0.0,
      778.0,
      895.0,
      498.0,
      1555.0,
      217.0,
      1404.0,
      1318.0,
      1506.0,
      420.0,
      1315.0,
      1227.0,
      1389.0,
      2009.0,
      1298.0,
      605.0,
      1099.0,
      320.0,
      319.0,
      1707.0,
      788.0,
      962.0,
      234.0,
      828.0
    ],
    [
      576.0,
      785.0,
      388.0,
      983.0,
      248.0,
      131.0,
      676.0,
      911.0,
      735.0,
      658.0,
      444.0,
      889.0,
      1082.0,
      235.0,
      554.0,
      507.0,
      778.0,
      0.0,
      156.0,
      609.0,
      922.0,
      725.0,
      771.0,
      614.0,
      802.0,
      364.0,
      701.0,
      540.0,
      700.0,
      1395.0,
      768.0,
      553.0,
      569.0,
      497.0,
      711.0,
      1003.0,
      114.0,
      348.0,
      706.0,
      214.0
    ],
    [
      574.0,
      700.0,
      501.0,
      827.0,
      92.0,
      244.0,
      782.0,
      755.0,
      848.0,
      775.0,
      557.0,
      733.0,
      926.0,
      352.0,
      667.0,
      624.0,
      895.0,
      156.0,
      0.0,
      722.0,
      766.0,
      842.0,
      615.0,
      458.0,
      646.0,
      477.0,
      630.0,
      384.0,
      544.0,
      1239.0,
      726.0,
      666.0,
      567.0,
      614.0,
      824.0,
      847.0,
      196.0,
      277.0,
      823.0,
      216.0
    ],
    [
      767.0,
      1100.0,
      221.0,
      1536.0,
      814.0,
      478.0,
      221.0,
      1477.0,
      126.0,
      288.0,
      399.0,
      1324.0,
      1503.0,
      615.0,
      150.0,
      437.0,
      498.0,
      609.0,
      722.0,
      0.0,
      1294.0,
      697.0,
      1180.0,
      1167.0,
      1355.0,
      363.0,
      976.0,
      1106.0,
      1266.0,
      1670.0,
      959.0,
      167.0,
      708.0,
      649.0,
      224.0,
      1556.0,
      723.0,
      738.0,
      714.0,
      653.0
    ],
    [
      527.0,
      204.0,
      1100.0,
      445.0,
      702.0,
      912.0,
      1083.0,
      527.0,
      1420.0,
      1423.0,
      1215.0,
      144.0,
      209.0,
      1103.0,
      1198.0,
      1284.0,
      1555.0,
      922.0,
      766.0,
      1294.0,
      0.0,
      1593.0,
      151.0,
      406.0,
      324.0,
      1135.0,
      318.0,
      688.0,
      526.0,
      474.0,
      515.0,
      1147.0,
      596.0,
      1365.0,
      1423.0,
      527.0,
      955.0,
      593.0,
      1574.0,
      727.0
    ],
    [
      1167.0,
      1437.0,
      684.0,
      1634.0,
      899.0,
      681.0,
      918.0,
      1545.0,
      664.0,
      411.0,
      478.0,
      1540.0,
      1733.0,
      490.0,
      805.0,
      420.0,
      217.0,
      725.0,
      842.0,
      697.0,
      1593.0,
      0.0,
      1442.0,
      1265.0,
      1453.0,
      558.0,
      1353.0,
      1174.0,
      1336.0,
      2046.0,
      1359.0,
      804.0,
      1160.0,
      228.0,
      534.0,
      1654.0,
      735.0,
      1000.0,
      62.0,
      866.0
    ],
    [
      493.0,
      286.0,
      986.0,
      502.0,
      551.0,
      761.0,
      1049.0,
      523.0,
      1306.0,
      1284.0,
      1064.0,
      144.0,
      337.0,
      952.0,
      1084.0,
      1133.0,
      1404.0,
      771.0,
      615.0,
      1180.0,
      151.0,
      1442.0,
      0.0,
      263.0,
      320.0,
      984.0,
      348.0,
      561.0,
      408.0,
      625.0,
      481.0,
      1033.0,
      562.0,
      1214.0,
      1309.0,
      523.0,
      804.0,
      442.0,
      1423.0,
      576.0
    ],
    [
      674.0,
      549.0,
      946.0,
      369.0,
      366.0,
      689.0,
      1082.0,
      383.0,
      1293.0,
      1198.0,
      991.0,
      275.0,
      468.0,
      775.0,
      1082.0,
      1047.0,
      1318.0,
      614.0,
      458.0,
      1167.0,
      406.0,
      1265.0,
      263.0,
      0.0,
      188.0,
      922.0,
      611.0,
      298.0,
      145.0,
      781.0,
      744.0,
      1031.0,
      743.0,
      1037.0,
      1269.0,
      389.0,
      619.0,
      440.0,
      1246.0,
      574.0
    ],
    [
      813.0,
      528.0,
      1134.0,
      183.0,
      554.0,
      877.0,
      1270.0,
      208.0,
      1481.0,
      1386.0,
      1179.0,
      180.0,
      329.0,
      963.0,
      1270.0,
      1235.0,
      1506.0,
      802.0,
      646.0,
      1355.0,
      324.0,
      1453.0,
      320.0,
      188.0,
      0.0,
      1110.0,
      642.0,
      364.0,
      202.0,
      620.0,
      801.0,
      1219.0,
      882.0,
      1225.0,
      1457.0,
      203.0,
      807.0,
      628.0,
      1434.0,
      762.0
    ],
    [
      688.0,
      979.0,
      146.0,
      1291.0,
      569.0,
      233.0,
      430.0,
      1232.0,
      489.0,
      300.0,
      80.0,
      1128.0,
      1321.0,
      296.0,
      308.0,
      149.0,
      420.0,
      364.0,
      477.0,
      363.0,
      1135.0,
      558.0,
      984.0,
      922.0,
      1110.0,
      0.0,
      895.0,
      861.0,
      1021.0,
      1589.0,
      880.0,
      307.0,
      681.0,
      330.0,
      412.0,
      1311.0,
      478.0,
      542.0,
      539.0,
      408.0
    ],
    [
      209.0,
      148.0,
      782.0,
      763.0,
      609.0,
      672.0,
      765.0,
      845.0,
      1102.0,
      1105.0,
      975.0,
      462.0,
      527.0,
      863.0,
      880.0,
      1044.0,
      1315.0,
      701.0,
      630.0,
      976.0,
      318.0,
      1353.0,
      348.0,
      611.0,
      642.0,
      895.0,
      0.0,
      772.0,
      756.0,
      694.0,
      197.0,
      829.0,
      278.0,
      1125.0,
      1105.0,
      845.0,
      815.0,
      353.0,
      1334.0,
      487.0
    ],
    [
      775.0,
      799.0,
      885.0,
      545.0,
      338.0,
      628.0,
      1153.0,
      371.0,
      1232.0,
      1107.0,
      900.0,
      544.0,
      691.0,
      684.0,
      1051.0,
      956.0,
      1227.0,
      540.0,
      384.0,
      1106.0,
      688.0,
      1174.0,
      561.0,
      298.0,
      364.0,
      861.0,
      772.0,
      0.0,
      162.0,
      982.0,
      868.0,
      1050.0,
      844.0,
      946.0,
      1208.0,
      565.0,
      521.0,
      541.0,
      1155.0,
      596.0
    ],
    [
      799.0,
      694.0,
      1045.0,
      383.0,
      452.0,
      788.0,
      1207.0,
      334.0,
      1392.0,
      1269.0,
      1062.0,
      382.0,
      529.0,
      846.0,
      1207.0,
      1118.0,
      1389.0,
      700.0,
      544.0,
      1266.0,
      526.0,
      1336.0,
      408.0,
      145.0,
      202.0,
      1021.0,
      756.0,
      162.0,
      0.0,
      820.0,
      889.0,
      1156.0,
      868.0,
      1108.0,
      1368.0,
      403.0,
      683.0,
      565.0,
      1317.0,
      699.0
    ],
    [
      903.0,
      666.0,
      1476.0,
      437.0,
      1147.0,
      1366.0,
      1459.0,
      765.0,
      1796.0,
      1799.0,
      1669.0,
      510.0,
      341.0,
      1556.0,
      1574.0,
      1738.0,
      2009.0,
      1395.0,
      1239.0,
      1670.0,
      474.0,
      2046.0,
      625.0,
      781.0,
      620.0,
      1589.0,
      694.0,
      982.0,
      820.0,
      0.0,
      891.0,
      1523.0,
      972.0,
      1818.0,
      1799.0,
      566.0,
      1400.0,
      1047.0,
      2027.0,
      1181.0
    ],
    [
      192.0,
      321.0,
      765.0,
      960.0,
      705.0,
      682.0,
      748.0,
      1004.0,
      1085.0,
      1088.0,
      960.0,
      625.0,
      724.0,
      869.0,
      863.0,
      1029.0,
      1298.0,
      768.0,
      726.0,
      959.0,
      515.0,
      1359.0,
      481.0,
      744.0,
      801.0,
      880.0,
      197.0,
      868.0,
      889.0,
      891.0,
      0.0,
      812.0,
      261.0,
      1131.0,
      1088.0,
      1004.0,
      882.0,
      449.0,
      1340.0,
      566.0
    ],
    [
      620.0,
      953.0,
      165.0,
      1400.0,
      758.0,
      422.0,
      128.0,
      1414.0,
      293.0,
      395.0,
      351.0,
      1177.0,
      1356.0,
      567.0,
      51.0,
      420.0,
      605.0,
      553.0,
      666.0,
      167.0,
      1147.0,
      804.0,
      1033.0,
      1031.0,
      1219.0,
      307.0,
      829.0,
      1050.0,
      1156.0,
      1523.0,
      812.0,
      0.0,
      587.0,
      601.0,
      382.0,
      1420.0,
      667.0,
      591.0,
      810.0,
      521.0
    ],
    [
      69.0,
      402.0,
      566.0,
      1041.0,
      638.0,
      483.0,
      487.0,
      1085.0,
      830.0,
      889.0,
      761.0,
      706.0,
      805.0,
      670.0,
      609.0,
      830.0,
      1099.0,
      569.0,
      567.0,
      708.0,
      596.0,
      1160.0,
      562.0,
      743.0,
      882.0,
      681.0,
      278.0,
      844.0,
      868.0,
      972.0,
      261.0,
      587.0,
      0.0,
      932.0,
      889.0,
      1085.0,
      683.0,
      326.0,
      1141.0,
      367.0
    ],
    [
      939.0,
      1209.0,
      456.0,
      1406.0,
      671.0,
      453.0,
      724.0,
      1317.0,
      685.0,
      394.0,
      250.0,
      1312.0,
      1505.0,
      262.0,
      602.0,
      243.0,
      320.0,
      497.0,
      614.0,
      649.0,
      1365.0,
      228.0,
      1214.0,
      1037.0,
      1225.0,
      330.0,
      1125.0,
      946.0,
      1108.0,
      1818.0,
      1131.0,
      601.0,
      932.0,
      0.0,
      565.0,
      1426.0,
      507.0,
      772.0,
      209.0,
      638.0
    ],
    [
      896.0,
      1229.0,
      323.0,
      1638.0,
      916.0,
      580.0,
      445.0,
      1579.0,
      130.0,
      173.0,
      416.0,
      1453.0,
      1632.0,
      594.0,
      374.0,
      322.0,
      319.0,
      711.0,
      824.0,
      224.0,
      1423.0,
      534.0,
      1309.0,
      1269.0,
      1457.0,
      412.0,
      1105.0,
      1208.0,
      1368.0,
      1799.0,
      1088.0,
      382.0,
      889.0,
      565.0,
      0.0,
      1658.0,
      825.0,
      867.0,
      551.0,
      755.0
    ],
    [
      1016.0,
      731.0,
      1335.0,
      216.0,
      755.0,
      1078.0,
      1471.0,
      205.0,
      1682.0,
      1587.0,
      1380.0,
      383.0,
      412.0,
      1164.0,
      1471.0,
      1436.0,
      1707.0,
      1003.0,
      847.0,
      1556.0,
      527.0,
      1654.0,
      523.0,
      389.0,
      203.0,
      1311.0,
      845.0,
      565.0,
      403.0,
      566.0,
      1004.0,
      1420.0,
      1085.0,
      1426.0,
      1658.0,
      0.0,
      1008.0,
      829.0,
      1635.0,
      963.0
    ],
    [
      690.0,
      889.0,
      502.0,
      988.0,
      253.0,
      245.0,
      790.0,
      892.0,
      849.0,
      668.0,
      461.0,
      894.0,
      1087.0,
      245.0,
      668.0,
      517.0,
      788.0,
      114.0,
      196.0,
      723.0,
      955.0,
      735.0,
      804.0,
      619.0,
      807.0,
      478.0,
      815.0,
      521.0,
      683.0,
      1400.0,
      882.0,
      667.0,
      683.0,
      507.0,
      825.0,
      1008.0,
      0.0,
      462.0,
      716.0,
      328.0
    ],
    [
      333.0,
      437.0,
      544.0,
      809.0,
      348.0,
      319.0,
      642.0,
      823.0,
      864.0,
      842.0,
      622.0,
      586.0,
      779.0,
      510.0,
      642.0,
      691.0,
      962.0,
      348.0,
      277.0,
      738.0,
      593.0,
      1000.0,
      442.0,
      440.0,
      628.0,
      542.0,
      353.0,
      541.0,
      565.0,
      1047.0,
      449.0,
      591.0,
      326.0,
      772.0,
      867.0,
      829.0,
      462.0,
      0.0,
      981.0,
      134.0
    ],
    [
      1148.0,
      1418.0,
      665.0,
      1615.0,
      880.0,
      662.0,
      933.0,
      1526.0,
      681.0,
      428.0,
      459.0,
      1521.0,
      1714.0,
      471.0,
      811.0,
      437.0,
      234.0,
      706.0,
      823.0,
      714.0,
      1574.0,
      62.0,
      1423.0,
      1246.0,
      1434.0,
      539.0,
      1334.0,
      1155.0,
      1317.0,
      2027.0,
      1340.0,
      810.0,
      1141.0,
      209.0,
      551.0,
      1635.0,
      716.0,
      981.0,
      0.0,
      847.0
    ],
    [
      374.0,
      571.0,
      432.0,
      943.0,
      308.0,
      185.0,
      572.0,
      957.0,
      779.0,
      708.0,
      488.0,
      720.0,
      913.0,
      376.0,
      572.0,
      557.0,
      828.0,
      214.0,
      216.0,
      653.0,
      727.0,
      866.0,
      576.0,
      574.0,
      762.0,
      408.0,
      487.0,
      596.0,
      699.0,
      1181.0,
      566.0,
      521.0,
      367.0,
      638.0,
      755.0,
      963.0,
      328.0,
      134.0,
      847.0,
      0.0
    ]
  ],
  "flow_matrix": [
    [
      0.0,
      1.6050668890126345,
      2.7944514142166317,
      1.5449954427396733,
      1.4364452854394096,
      16.284029145071433,
      5.019353251364058,
      0.7526244609487065,
      2.6673829915239513,
      3.8082888057006463,
      0.7621094261497005,
      1.0025457662447363,
      1.5291871674046833,
      1.062767767520888,
      1.0081163013627803,
      7.8136541105775,
      1.831802723817346,
      1.0585522274315575,
      2.3573902399549604,
      3.3427727358359935,
      4.290215370913051,
      1.5844408535755525,
      2.261185592916308,
      1.2410248912982973,
      3.7424962693064505,
      2.792644754178347,
      4.658322353713529,
      2.066367418787957,
      0.7330523105339573,
      0.925461604611262,
      2.775180373808263,
      2.0281264479776007,
      4.0231307952533175,
      45.35966302620707,
      14.037597942467784,
      1.2854386172394592,
      1.4819128964029042,
      4.176245233497934,
      0.8384408127672228,
      0.994114686066075
    ],
    [
      1.6365328846794238,
      0.0,
      0.7333534205403379,
      0.4054446235916917,
      0.37698972798871,
      4.273052100549347,
      1.3170551679094389,
      0.19752816418577776,
      0.6999302098320738,
      0.9993841111777383,
      0.19993704423682382,
      0.26301959057359275,
      0.40122908350236103,
      0.2788278659085826,
      0.2645251406054966,
      2.050408588449777,
      0.48072212518688134,
      0.27777398088624994,
      0.6186305081092689,
      0.8771334485871503,
      1.125850313857657,
      0.4158329188118279,
      0.5933372675732852,
      0.3256504719007906,
      0.9820702858108447,
      0.7327512005275765,
      1.2223560709026902,
      0.5422991214917465,
      0.19240929407730484,
      0.24284522014608195,
      0.728234550431865,
      0.5322119362779911,
      1.0556916823709401,
      11.902727997228203,
      3.683629263059012,
      0.33724320714644984,
      0.38888357324074996,
      1.0958898682227716,
      0.2199608596611443,
      0.2609118205289275
    ],
    [
      2.835101265078034,
      0.7295895454605785,
      0.0,
      0.7023390898831198,
      0.6529570488366754,
      7.402187286858193,
      2.2816610733501994,
      0.34221152225173235,
      1.2125699956953155,
      1.7310814266829821,
      0.34642706234106296,
      0.45572999465727837,
      0.6951124497299817,
      0.48313100523792746,
      0.4582894297115148,
      3.5518936352674304,
      0.8327197226459884,
      0.4811737901964525,
      1.0716505127091205,
      1.519551647200499,
      1.9502895113281744,
      0.720255135262775,
      1.02783900678072,
      0.5641295969543515,
      1.7012715360512871,
      1.269479786901279,
      2.117556119872686,
      0.9393126649047769,
      0.33317822206030956,
      0.42065067891392,
      1.2615003717321889,
      0.9218482845346929,
      1.8287916237535384,
      20.61926046193841,
      6.3811232552210395,
      0.5843039673818624,
      0.6735830842737573,
      1.8983480352274937,
      0.3810547130748502,
      0.45181556457432853
    ],
    [
      1.5757086633905106,
      0.4054446235916917,
      0.7061029649628793,
      0.0,
      0.3629881126920047,
      4.114216572183498,
      1.2681247918725655,
      0.19015096902944917,
      0.6738841942801381,
      0.9621970253897146,
      0.19255984908049523,
      0.2533840703694085,
      0.3863241381865135,
      0.2684395706884464,
      0.2547390653981219,
      1.974227756835445,
      0.4628060798072262,
      0.26738568566611376,
      0.5955955926211408,
      0.8446135678980283,
      1.0839960229707315,
      0.40032575348321875,
      0.5713562371074897,
      0.31360607164556026,
      0.9454854200355826,
      0.7056512999533081,
      1.1768884599391956,
      0.5221247510642357,
      0.18518265392416663,
      0.2338119199546592,
      0.7011346498575968,
      0.512338675856861,
      1.0165473815414416,
      11.46039739785487,
      3.546624210155767,
      0.3247471418816483,
      0.3744302929344735,
      1.0550894623581788,
      0.21183088948886378,
      0.2511257453215528
    ],
    [
      1.4656529560583433,
      0.37714028299190033,
      0.6567209239164349,
      0.3631386676951951,
      0.0,
      3.8269576260962537,
      1.1795984499966226,
      0.17690212874869576,
      0.6269110332847397,
      0.8950494939668054,
      0.17916045379655146,
      0.23561857999294372,
      0.3593747926154356,
      0.2497707502928394,
      0.23697357502165714,
      1.8363193739130572,
      0.4304367541212947,
      0.24871686527050674,
      0.5540424117405961,
      0.7855960066473996,
      1.0082668563659707,
      0.3723225228898082,
      0.5314591612620392,
      0.29162504117976484,
      0.8795423286381964,
      0.6562692589068637,
      1.0948359832004388,
      0.4856904402921639,
      0.172234923649794,
      0.2175519796100982,
      0.6522042738207234,
      0.4766571401007411,
      0.9454854200355826,
      10.660047000894812,
      3.298961229907593,
      0.3021638914030914,
      0.3482337223793475,
      0.9814680657980832,
      0.19707649917620662,
      0.2336613649514688
    ],
    [
      15.630319321218806,
      4.022378020237366,
      7.003216528403687,
      3.871973572050177,
      3.599920681285161,
      0.0,
      12.579171626562578,
      1.8863036349722633,
      6.684792696656035,
      9.54398276224453,
      1.9099407704731528,
      2.5126124482442416,
      3.8325281612142974,
      2.6634685614410016,
      2.5266140635409466,
      19.582087044959884,
      4.590723157281048,
      2.6527791562144847,
      5.907928880193677,
      8.37748259752547,
      10.752036107844134,
      3.9707376541430657,
      5.66689032008588,
      3.1101652559068573,
      9.379125033751064,
      6.9988504333111665,
      11.674486612391588,
      5.17864044473948,
      1.8372227039321996,
      2.3194503791509846,
      6.954888372379576,
      5.082736907707208,
      10.082668563659707,
      113.6774584889151,
      35.18018759549595,
      3.221575958267738,
      3.7138908187002784,
      10.466282711788795,
      2.1011456245249347,
      2.491384192794398
    ],
    [
      5.044947601906423,
      1.2982357925106414,
      2.260432817900356,
      1.2497570814833392,
      1.1619835146233481,
      13.172057229126292,
      0.0,
      0.6088444329018943,
      2.157603750721327,
      3.0805059202783527,
      0.6163721830614132,
      0.8110398021865737,
      1.236959906212157,
      0.8596690682170662,
      0.8155564522822851,
      6.3204495889353165,
      1.4817623413997139,
      0.8562063031436875,
      1.9069296704093452,
      2.703967857299214,
      3.470443378541435,
      1.2816747421596997,
      1.8290927337599192,
      1.0039007612734496,
      3.027209449148958,
      2.258927267868452,
      3.7680906198488153,
      1.6714616454195919,
      0.5930361575669044,
      0.7487100308657567,
      2.2447750975685565,
      1.640597869765564,
      3.2543969489632407,
      36.691308162517785,
      11.355008895621603,
      1.03973285203276,
      1.1987189354018006,
      3.3781531615857325,
      0.6782502893726591,
      0.8041142720398162
    ],
    [
      0.7702393963219809,
      0.19828093920172965,
      0.3450720673123495,
      0.19075318904221067,
      0.1773537937582669,
      2.011113732617088,
      0.6198349481347919,
      0.0,
      0.3294143469805501,
      0.47033382996674516,
      0.09409687699398711,
      0.12375621262249185,
      0.18879597400073575,
      0.13128396278201082,
      0.12450898763844374,
      0.9650575704503318,
      0.2262841697951402,
