{
  "instance_name": "tr50_TT_q5",
  "source_prefix": "tr50",
  "benchmark_version": "unified_hlrp_v2",
  "modeling_choices": {
    "single_allocation": true,
    "use_hub_capacity": true,
    "use_hub_fixed_cost": true,
    "use_vehicle_capacity": false,
    "use_karimi_covering_timebound": false,
    "local_tours": "closed tours starting and ending at the same hub",
    "route_cardinality_bound_q": 5,
    "candidate_hubs": "all nodes",
    "assignment_cost_mode": "normalized_throughput_distance",
    "objective_terms": [
      "hub_fixed_cost",
      "local_route_cost",
      "assignment_cost",
      "inter_hub_flow_cost",
      "vehicle_fixed_cost"
    ]
  },
  "parameters": {
    "alpha": 0.75,
    "cap_type": "T",
    "cost_type": "T",
    "q": 5,
    "vehicle_fixed_cost": 0.0,
    "keep_diag_flow": false,
    "assignment_weight": 1.0,
    "throughput_normalization_mean": 1443400.12,
    "ap_meta_collect": null,
    "ap_meta_transfer": null,
    "ap_meta_distribute": null,
    "ap_meta_p": null,
    "source_parameter_rule": "source_neutral_normflow_v2",
    "source_parameter_note": "Non-AP OD flows are scaled to an AP-like total flow. Hub fixed costs and capacities are recomputed from the normalized throughput and flow-weighted distance.",
    "original_total_flow_before_normalization": 36085003.0,
    "target_total_flow_after_normalization": 3800.0,
    "normflow_weighted_distance": 710.8766578736326,
    "normflow_target_hubs": 7.0
  },
  "summary": {
    "n_nodes": 50,
    "n_candidate_hubs": 50,
    "total_flow": 3800.0,
    "total_outbound": 3800.0,
    "total_inbound": 3800.0,
    "avg_nonzero_distance": 780.1551020408164,
    "avg_nonzero_flow": 1.5510204081632653,
    "avg_throughput": 152.0,
    "min_hub_fixed_cost": 4442.704217969282,
    "max_hub_fixed_cost": 6417.708250030829,
    "min_hub_capacity": 597.1428571428572,
    "max_hub_capacity": 1437.9075869274557
  },
  "nodes": [
    {
      "id": 0,
      "x": 36.991419,
      "y": 35.330829
    },
    {
      "id": 1,
      "x": 37.76365,
      "y": 38.277259
    },
    {
      "id": 2,
      "x": 38.756885,
      "y": 30.538704
    },
    {
      "id": 3,
      "x": 39.719074,
      "y": 43.050591
    },
    {
      "id": 4,
      "x": 40.656455,
      "y": 35.837346999999994
    },
    {
      "id": 5,
      "x": 39.933363,
      "y": 32.859742
    },
    {
      "id": 6,
      "x": 36.896891,
      "y": 30.713323
    },
    {
      "id": 7,
      "x": 41.180937,
      "y": 41.820819
    },
    {
      "id": 8,
      "x": 37.838016,
      "y": 27.84556
    },
    {
      "id": 9,
      "x": 39.653298,
      "y": 27.890342
    },
    {
      "id": 10,
      "x": 40.142573,
      "y": 29.97933
    },
    {
      "id": 11,
      "x": 38.885464,
      "y": 40.496625
    },
    {
      "id": 12,
      "x": 38.400569,
      "y": 42.109502
    },
    {
      "id": 13,
      "x": 40.732541,
      "y": 31.608209
    },
    {
      "id": 14,
      "x": 37.718336,
      "y": 30.282333
    },
    {
      "id": 15,
      "x": 40.188528000000005,
      "y": 29.060964
    },
    {
      "id": 16,
      "x": 40.14672,
      "y": 26.408587
    },
    {
      "id": 17,
      "x": 40.600207,
      "y": 33.616223
    },
    {
      "id": 18,
      "x": 40.549926,
      "y": 34.953724
    },
    {
      "id": 19,
      "x": 37.783016,
      "y": 29.096333
    },
    {
      "id": 20,
      "x": 37.924973,
      "y": 40.210983
    },
    {
      "id": 21,
      "x": 41.67713,
      "y": 26.555715000000003
    },
    {
      "id": 22,
      "x": 38.674816,
      "y": 39.222515
    },
    {
      "id": 23,
      "x": 39.746797,
      "y": 39.491124
    },
    {
      "id": 24,
      "x": 39.905499,
      "y": 41.265824
    },
    {
      "id": 25,
      "x": 39.766706,
      "y": 30.525631
    },
    {
      "id": 26,
      "x": 37.065953,
      "y": 37.37811
    },
    {
      "id": 27,
      "x": 40.917532,
      "y": 38.392653
    },
    {
      "id": 28,
      "x": 40.460825,
      "y": 39.480321
    },
    {
      "id": 29,
      "x": 37.577427,
      "y": 43.736782
    },
    {
      "id": 30,
      "x": 36.202284000000006,
      "y": 36.161322
    },
    {
      "id": 31,
      "x": 37.762649,
      "y": 30.553705
    },
    {
      "id": 32,
      "x": 36.632173,
      "y": 33.617577000000004
    },
    {
      "id": 33,
      "x": 41.008238,
      "y": 28.978359
    },
    {
      "id": 34,
      "x": 38.423734,
      "y": 27.142826
    },
    {
      "id": 35,
      "x": 40.601338,
      "y": 43.097453
    },
    {
      "id": 36,
      "x": 41.376625,
      "y": 33.776497
    },
    {
      "id": 37,
      "x": 38.720489,
      "y": 35.482597
    },
    {
      "id": 38,
      "x": 41.735472,
      "y": 27.224369
    },
    {
      "id": 39,
      "x": 39.146078,
      "y": 34.159499
    },
    {
      "id": 40,
      "x": 40.85327,
      "y": 29.88152
    },
    {
      "id": 41,
      "x": 37.874643,
      "y": 32.493155
    },
    {
      "id": 42,
      "x": 39.419955,
      "y": 29.985732
    },
    {
      "id": 43,
      "x": 38.355363,
      "y": 38.333525
    },
    {
      "id": 44,
      "x": 38.614034,
      "y": 27.429562
    },
    {
      "id": 45,
      "x": 37.575275,
      "y": 36.922822
    },
    {
      "id": 46,
      "x": 37.312903000000006,
      "y": 40.733951
    },
    {
      "id": 47,
      "x": 37.215374,
      "y": 28.363394
    },
    {
      "id": 48,
      "x": 38.734561,
      "y": 41.491038
    },
    {
      "id": 49,
      "x": 38.624694,
      "y": 34.714151
    }
  ],
  "hub_fixed_cost": [
    4872.765255770987,
    4827.891460426028,
    4669.975222220366,
    5090.243157474508,
    4585.574475841373,
    5103.336315342031,
    4991.555363311754,
    5045.123604165988,
    5026.480742374779,
    5001.185275663089,
    4676.357876117336,
    4886.929702380964,
    5068.275227682837,
    4629.234632818246,
    4760.1982684652085,
    5069.374643714824,
    5060.0762809579155,
    4539.139861769948,
    4587.679454313809,
    4938.094496861513,
    5049.969620691379,
    5093.777579794383,
    4839.639813501824,
    4772.247934850874,
    5033.022725906987,
    4699.943175741386,
    4902.185020560771,
    4877.955591348612,
    4872.51086434948,
    5219.078408336134,
    4909.411501957327,
    4773.065915208319,
    4804.797773070337,
    6417.708250030829,
    5494.410618640806,
    5104.023016565371,
    4677.573250041519,
    4610.767124690461,
    5047.538678091672,
    4442.704217969282,
    4797.592312310236,
    4846.326949450511,
    4732.8880519330105,
    4818.269028120695,
    5010.994529691581,
    4769.042000824363,
    4983.4607960170815,
    5007.863151995673,
    5027.62326238179,
    4473.157654589442
  ],
  "hub_capacity": [
    677.6303396572067,
    610.3443117498595,
    628.0751721185392,
    609.4407454238623,
    607.8053952877107,
    808.175717720618,
    660.3994817775875,
    597.441320396856,
    626.196167842333,
    642.9393440827564,
    597.5846156143749,
    601.2418545492561,
    609.2035877319183,
    602.1547921883323,
    601.3263457106019,
    699.4786413711738,
    613.7491599420548,
    602.0903504099483,
    621.5970186032389,
    636.143088625491,
    649.9266847206528,
    610.0343490359869,
    620.165335848944,
    604.8541783859937,
    641.9811553223583,
    628.0491116542795,
    655.2283464174952,
    617.2599674430878,
    597.1428571428572,
    600.0713364761872,
    627.7903364712091,
    616.687458619368,
    646.0612980948731,
    1437.9075869274557,
    780.7269923685404,
    605.5261127345318,
    608.4909572429175,
    648.2788643910015,
    598.7467331079904,
    601.1129336565793,
    625.072655678294,
    701.2636711652289,
    625.132169116732,
    636.7636860995924,
    635.9947157243913,
    631.0416594069068,
    608.0699202007179,
    612.2098004271229,
    613.0753214621737,
    604.5019887594025
  ],
  "outbound_flow": [
    131.50442027121346,
    35.357951889320894,
    60.87265671004655,
    34.05456832025205,
    31.694429954737707,
    311.956122048819,
    107.06258220347107,
    16.714627957769604,
    58.17437787105075,
    82.16613422479138,
    16.922187868461588,
    22.212596185734,
    33.71221557055157,
    23.532512938962483,
    22.334646889179975,
    162.30553174680352,
    40.26693859496146,
    23.43942163452224,
    51.564579335077234,
    72.44146273176145,
    92.14459536001701,
    34.91071346176693,
    49.505197491600605,
    27.432764797054332,
    80.79588077074567,
    60.83569398622468,
    99.70226135217447,
    45.3240921166059,
    16.282764338415046,
    20.51978768021718,
    60.463749996085625,
    44.49974966054458,
    86.62735596835064,
    651.3211042271494,
    274.7822578814806,
    28.40369446553738,
    32.68389363858443,
    89.79309216075166,
    18.60362322818707,
    22.026202963042568,
    56.560444237735,
    164.81246793855055,
    56.646058751886486,
    73.3302530139737,
    72.2285321688902,
    65.12916182936162,
    32.076167487085975,
    38.04822740350056,
    39.29579831266744,
    26.924448364324647
  ],
  "inbound_flow": [
    127.1974731441757,
    33.561942616438195,
    58.05759251287854,
    32.31679376609724,
    30.06438436488422,
    314.95241943031016,
    103.03922657287849,
    15.812042470940073,
    55.45609072001463,
    78.68890020599419,
    16.008650463462615,
    21.03358007203159,
    31.990237052218063,
    22.288627771487235,
    21.149838895676414,
    158.02006722848273,
    38.25641915562539,
    22.199959357076963,
    49.09386871881373,
    69.24455569533971,
    88.41841581667597,
    33.1349231147355,
    47.11515196493125,
    26.00206517926575,
    77.3565572379196,
    58.02105101667859,
    95.81422509511776,
    43.10158987654789,
    15.402082687924405,
    19.4249117839896,
    57.66311284496776,
    42.311156244049656,
    83.0332312844757,
    758.3922162899639,
    274.7064369095383,
    26.92634388862321,
    31.008566079376518,
    86.12219874278519,
    17.604997843563993,
    20.856348550116515,
    53.90112895376508,
    160.54785418751385,
    53.98337364694137,
    70.1061767959393,
    69.03899661585173,
    62.16814226120475,
    30.42874625782905,
    36.13332663433616,
    37.32698040789964,
    25.517021572646122
  ],
  "node_throughput": [
    258.7018934153892,
    68.91989450575909,
    118.93024922292508,
    66.3713620863493,
    61.758814319621926,
    626.9085414791291,
    210.10180877634957,
    32.52667042870968,
    113.63046859106538,
    160.85503443078557,
    32.93083833192421,
    43.24617625776559,
    65.70245262276964,
    45.82114071044972,
    43.48448578485639,
    320.32559897528625,
    78.52335775058685,
    45.639380991599204,
    100.65844805389096,
    141.68601842710115,
    180.56301117669298,
    68.04563657650243,
    96.62034945653186,
    53.43482997632008,
    158.15243800866529,
    118.85674500290327,
    195.51648644729224,
    88.42568199315379,
    31.68484702633945,
    39.94469946420678,
    118.1268628410534,
    86.81090590459424,
    169.66058725282636,
    1409.7133205171133,
    549.4886947910188,
    55.33003835416059,
    63.69245971796094,
    175.91529090353686,
    36.20862107175107,
    42.882551513159086,
    110.46157319150008,
    325.3603221260644,
    110.62943239882784,
    143.43642980991302,
    141.26752878474193,
    127.29730409056637,
    62.50491374491503,
    74.18155403783672,
    76.62277872056708,
    52.44146993697077
  ],
  "node_throughput_normalized": [
    1.7019861408907182,
    0.4534203585905203,
    0.782435850150823,
    0.4366536979365085,
    0.40630798894488107,
    4.124398299204796,
    1.3822487419496683,
    0.21399125282045842,
    0.7475688723096406,
    1.0582568054656945,
    0.2166502521837119,
    0.28451431748529993,
    0.4322529777813792,
    0.3014548730950639,
    0.2860821433214236,
    2.107405256416357,
    0.5166010378328082,
    0.3002590854710474,
    0.6622266319334932,
    0.9321448580730338,
    1.1879145472150854,
    0.447668661687516,
    0.6356601937929728,
    0.35154493405473736,
    1.040476565846482,
    0.7819522697559426,
    1.2862926739953437,
    0.581747907849696,
    0.20845294096275954,
    0.262794075422413,
    0.7771504134279829,
    0.5711243809512778,
    1.1161880740317525,
    9.274429740244166,
    3.6150572025724923,
    0.36401341022474076,
    0.41902934024974303,
    1.1573374401548477,
    0.23821461231415175,
    0.2821220494286782,
    0.7267208762598689,
    2.140528435039897,
    0.7278252131501832,
    0.9436607224336383,
    0.9293916367417232,
    0.8374822637537261,
    0.4112165377954936,
    0.48803653972261,
    0.5040972284247834,
    0.34500967063796556
  ],
  "distance_matrix": [
    [
      0.0,
      333.0,
      573.0,
      972.0,
      612.0,
      490.0,
      556.0,
      1016.0,
      893.0,
      896.0,
      768.0,
      637.0,
      736.0,
      677.0,
      671.0,
      837.0,
      1106.0,
      576.0,
      574.0,
      767.0,
      527.0,
      1167.0,
      493.0,
      674.0,
      813.0,
      688.0,
      209.0,
      775.0,
      799.0,
      903.0,
      192.0,
      620.0,
      69.0,
      939.0,
      896.0,
      1016.0,
      690.0,
      333.0,
      1148.0,
      374.0,
      828.0,
      356.0,
      669.0,
      392.0,
      878.0,
      188.0,
      534.0,
      869.0,
      747.0,
      287.0
    ],
    [
      333.0,
      0.0,
      906.0,
      649.0,
      636.0,
      756.0,
      889.0,
      731.0,
      1226.0,
      1229.0,
      1059.0,
      348.0,
      413.0,
      947.0,
      1004.0,
      1128.0,
      1399.0,
      785.0,
      700.0,
      1100.0,
      204.0,
      1437.0,
      286.0,
      549.0,
      528.0,
      979.0,
      148.0,
      799.0,
      694.0,
      666.0,
      321.0,
      953.0,
      402.0,
      1209.0,
      1229.0,
      731.0,
      889.0,
      437.0,
      1418.0,
      571.0,
      1098.0,
      689.0,
      1002.0,
      185.0,
      1211.0,
      164.0,
      295.0,
      1202.0,
      462.0,
      541.0
    ],
    [
      573.0,
      906.0,
      0.0,
      1315.0,
      593.0,
      257.0,
      288.0,
      1256.0,
      347.0,
      323.0,
      206.0,
      1130.0,
      1309.0,
      422.0,
      166.0,
      275.0,
      533.0,
      388.0,
      501.0,
      221.0,
      1100.0,
      684.0,
      986.0,
      946.0,
      1134.0,
      146.0,
      782.0,
      885.0,
      1045.0,
      1476.0,
      765.0,
      165.0,
      566.0,
      456.0,
      323.0,
      1335.0,
      502.0,
      544.0,
      665.0,
      432.0,
      345.0,
      223.0,
      96.0,
      885.0,
      305.0,
      761.0,
      1107.0,
      367.0,
      1240.0,
      440.0
    ],
    [
      972.0,
      649.0,
      1315.0,
      0.0,
      735.0,
      1058.0,
      1451.0,
      374.0,
      1662.0,
      1567.0,
      1360.0,
      362.0,
      236.0,
      1144.0,
      1451.0,
      1416.0,
      1687.0,
      983.0,
      827.0,
      1536.0,
      445.0,
      1634.0,
      502.0,
      369.0,
      183.0,
      1291.0,
      763.0,
      545.0,
      383.0,
      437.0,
      960.0,
      1400.0,
      1041.0,
      1406.0,
      1638.0,
      216.0,
      988.0,
      809.0,
      1615.0,
      943.0,
      1295.0,
      1136.0,
      1369.0,
      603.0,
      1620.0,
      813.0,
      519.0,
      1682.0,
      248.0,
      913.0
    ],
    [
      612.0,
      636.0,
      593.0,
      735.0,
      0.0,
      336.0,
      874.0,
      709.0,
      940.0,
      832.0,
      625.0,
      641.0,
      834.0,
      409.0,
      759.0,
      681.0,
      952.0,
      248.0,
      92.0,
      814.0,
      702.0,
      899.0,
      551.0,
      366.0,
      554.0,
      569.0,
      609.0,
      338.0,
      452.0,
      1147.0,
      705.0,
      758.0,
      638.0,
      671.0,
      916.0,
      755.0,
      253.0,
      348.0,
      880.0,
      308.0,
      560.0,
      559.0,
      647.0,
      469.0,
      898.0,
      529.0,
      797.0,
      960.0,
      751.0,
      362.0
    ],
    [
      490.0,
      756.0,
      257.0,
      1058.0,
      336.0,
      0.0,
      545.0,
      999.0,
      604.0,
      533.0,
      313.0,
      905.0,
      1098.0,
      191.0,
      423.0,
      382.0,
      653.0,
      131.0,
      244.0,
      478.0,
      912.0,
      681.0,
      761.0,
      689.0,
      877.0,
      233.0,
      672.0,
      628.0,
      788.0,
      1366.0,
      682.0,
      422.0,
      483.0,
      453.0,
      580.0,
      1078.0,
      245.0,
      319.0,
      662.0,
      185.0,
      342.0,
      258.0,
      311.0,
      660.0,
      562.0,
      592.0,
      997.0,
      624.0,
      1015.0,
      276.0
    ],
    [
      556.0,
      889.0,
      288.0,
      1451.0,
      874.0,
      545.0,
      0.0,
      1465.0,
      343.0,
      509.0,
      474.0,
      1193.0,
      1292.0,
      690.0,
      122.0,
      543.0,
      719.0,
      676.0,
      782.0,
      221.0,
      1083.0,
      918.0,
      1049.0,
      1082.0,
      1270.0,
      430.0,
      765.0,
      1153.0,
      1207.0,
      1459.0,
      748.0,
      128.0,
      487.0,
      724.0,
      445.0,
      1471.0,
      790.0,
      642.0,
      933.0,
      572.0,
      613.0,
      323.0,
      364.0,
      948.0,
      427.0,
      744.0,
      1090.0,
      313.0,
      1303.0,
      538.0
    ],
    [
      1016.0,
      731.0,
      1256.0,
      374.0,
      709.0,
      999.0,
      1465.0,
      0.0,
      1603.0,
      1478.0,
      1271.0,
      383.0,
      520.0,
      1055.0,
      1422.0,
      1327.0,
      1598.0,
      911.0,
      755.0,
      1477.0,
      527.0,
      1545.0,
      523.0,
      383.0,
      208.0,
      1232.0,
      845.0,
      371.0,
      334.0,
      765.0,
      1004.0,
      1414.0,
      1085.0,
      1317.0,
      1579.0,
      205.0,
      892.0,
      823.0,
      1526.0,
      957.0,
      1206.0,
      1150.0,
      1310.0,
      624.0,
      1561.0,
      847.0,
      622.0,
      1623.0,
      437.0,
      927.0
    ],
    [
      893.0,
      1226.0,
      347.0,
      1662.0,
      940.0,
      604.0,
      343.0,
      1603.0,
      0.0,
      293.0,
      525.0,
      1450.0,
      1629.0,
      714.0,
      272.0,
      442.0,
      449.0,
      735.0,
      848.0,
      126.0,
      1420.0,
      664.0,
      1306.0,
      1293.0,
      1481.0,
      489.0,
      1102.0,
      1232.0,
      1392.0,
      1796.0,
      1085.0,
      293.0,
      830.0,
      685.0,
      130.0,
      1682.0,
      849.0,
      864.0,
      681.0,
      779.0,
      574.0,
      541.0,
      415.0,
      1205.0,
      156.0,
      1081.0,
      1427.0,
      99.0,
      1560.0,
      760.0
    ],
    [
      896.0,
      1229.0,
      323.0,
      1567.0,
      832.0,
      533.0,
      509.0,
      1478.0,
      293.0,
      0.0,
      245.0,
      1428.0,
      1621.0,
      423.0,
      396.0,
      151.0,
      210.0,
      658.0,
      775.0,
      288.0,
      1423.0,
      411.0,
      1284.0,
      1198.0,
      1386.0,
      300.0,
      1105.0,
      1107.0,
      1269.0,
      1799.0,
      1088.0,
      395.0,
      889.0,
      394.0,
      173.0,
      1587.0,
      668.0,
      842.0,
      428.0,
      708.0,
      283.0,
      546.0,
      227.0,
      1183.0,
      137.0,
      1084.0,
      1430.0,
      392.0,
      1538.0,
      763.0
    ],
    [
      768.0,
      1059.0,
      206.0,
      1360.0,
      625.0,
      313.0,
      474.0,
      1271.0,
      525.0,
      245.0,
      0.0,
      1208.0,
      1401.0,
      216.0,
      352.0,
      94.0,
      365.0,
      444.0,
      557.0,
      399.0,
      1215.0,
      478.0,
      1064.0,
      991.0,
      1179.0,
      80.0,
      975.0,
      900.0,
      1062.0,
      1669.0,
      960.0,
      351.0,
      761.0,
      250.0,
      416.0,
      1380.0,
      461.0,
      622.0,
      459.0,
      488.0,
      139.0,
      418.0,
      110.0,
      963.0,
      380.0,
      895.0,
      1300.0,
      545.0,
      1318.0,
      579.0
    ],
    [
      637.0,
      348.0,
      1130.0,
      362.0,
      641.0,
      905.0,
      1193.0,
      383.0,
      1450.0,
      1428.0,
      1208.0,
      0.0,
      197.0,
      1050.0,
      1228.0,
      1277.0,
      1548.0,
      889.0,
      733.0,
      1324.0,
      144.0,
      1540.0,
      144.0,
      275.0,
      180.0,
      1128.0,
      462.0,
      544.0,
      382.0,
      510.0,
      625.0,
      1177.0,
      706.0,
      1312.0,
      1453.0,
      383.0,
      894.0,
      586.0,
      1521.0,
      720.0,
      1201.0,
      913.0,
      1206.0,
      245.0,
      1435.0,
      468.0,
      239.0,
      1470.0,
      114.0,
      690.0
    ],
    [
      736.0,
      413.0,
      1309.0,
      236.0,
      834.0,
      1098.0,
      1292.0,
      520.0,
      1629.0,
      1621.0,
      1401.0,
      197.0,
      0.0,
      1243.0,
      1407.0,
      1470.0,
      1741.0,
      1082.0,
      926.0,
      1503.0,
      209.0,
      1733.0,
      337.0,
      468.0,
      329.0,
      1321.0,
      527.0,
      691.0,
      529.0,
      341.0,
      724.0,
      1356.0,
      805.0,
      1505.0,
      1632.0,
      412.0,
      1087.0,
      779.0,
      1714.0,
      913.0,
      1394.0,
      1092.0,
      1399.0,
      438.0,
      1614.0,
      577.0,
      283.0,
      1605.0,
      83.0,
      883.0
    ],
    [
      677.0,
      947.0,
      422.0,
      1144.0,
      409.0,
      191.0,
      690.0,
      1055.0,
      714.0,
      423.0,
      216.0,
      1050.0,
      1243.0,
      0.0,
      568.0,
      272.0,
      543.0,
      235.0,
      352.0,
      615.0,
      1103.0,
      490.0,
      952.0,
      775.0,
      963.0,
      296.0,
      863.0,
      684.0,
      846.0,
      1556.0,
      869.0,
      567.0,
      670.0,
      262.0,
      594.0,
      1164.0,
      245.0,
      510.0,
      471.0,
      376.0,
      151.0,
      445.0,
      326.0,
      851.0,
      558.0,
      783.0,
      1188.0,
      761.0,
      1160.0,
      467.0
    ],
    [
      671.0,
      1004.0,
      166.0,
      1451.0,
      759.0,
      423.0,
      122.0,
      1422.0,
      272.0,
      396.0,
      352.0,
      1228.0,
      1407.0,
      568.0,
      0.0,
      421.0,
      606.0,
      554.0,
      667.0,
      150.0,
      1198.0,
      805.0,
      1084.0,
      1082.0,
      1270.0,
      308.0,
      880.0,
      1051.0,
      1207.0,
      1574.0,
      863.0,
      51.0,
      609.0,
      602.0,
      374.0,
      1471.0,
      668.0,
      642.0,
      811.0,
      572.0,
      491.0,
      315.0,
      242.0,
      983.0,
      356.0,
      859.0,
      1205.0,
      242.0,
      1338.0,
      538.0
    ],
    [
      837.0,
      1128.0,
      275.0,
      1416.0,
      681.0,
      382.0,
      543.0,
      1327.0,
      442.0,
      151.0,
      94.0,
      1277.0,
      1470.0,
      272.0,
      421.0,
      0.0,
      271.0,
      507.0,
      624.0,
      437.0,
      1284.0,
      420.0,
      1133.0,
      1047.0,
      1235.0,
      149.0,
      1044.0,
      956.0,
      1118.0,
      1738.0,
      1029.0,
      420.0,
      830.0,
      243.0,
      322.0,
      1436.0,
      517.0,
      691.0,
      437.0,
      557.0,
      132.0,
      487.0,
      179.0,
      1032.0,
      286.0,
      964.0,
      1369.0,
      541.0,
      1387.0,
      648.0
    ],
    [
      1106.0,
      1399.0,
      533.0,
      1687.0,
      952.0,
      653.0,
      719.0,
      1598.0,
      449.0,
      210.0,
      365.0,
      1548.0,
      1741.0,
      543.0,
      606.0,
      271.0,
      0.0,
      778.0,
      895.0,
      498.0,
      1555.0,
      217.0,
      1404.0,
      1318.0,
      1506.0,
      420.0,
      1315.0,
      1227.0,
      1389.0,
      2009.0,
      1298.0,
      605.0,
      1099.0,
      320.0,
      319.0,
      1707.0,
      788.0,
      962.0,
      234.0,
      828.0,
      403.0,
      756.0,
      437.0,
      1303.0,
      330.0,
      1235.0,
      1640.0,
      548.0,
      1658.0,
      919.0
    ],
    [
      576.0,
      785.0,
      388.0,
      983.0,
      248.0,
      131.0,
      676.0,
      911.0,
      735.0,
      658.0,
      444.0,
      889.0,
      1082.0,
      235.0,
      554.0,
      507.0,
      778.0,
      0.0,
      156.0,
      609.0,
      922.0,
      725.0,
      771.0,
      614.0,
      802.0,
      364.0,
      701.0,
      540.0,
      700.0,
      1395.0,
      768.0,
      553.0,
      569.0,
      497.0,
      711.0,
      1003.0,
      114.0,
      348.0,
      706.0,
      214.0,
      386.0,
      389.0,
      442.0,
      689.0,
      693.0,
      621.0,
      1017.0,
      755.0,
      999.0,
      305.0
    ],
    [
      574.0,
      700.0,
      501.0,
      827.0,
      92.0,
      244.0,
      782.0,
      755.0,
      848.0,
      775.0,
      557.0,
      733.0,
      926.0,
      352.0,
      667.0,
      624.0,
      895.0,
      156.0,
      0.0,
      722.0,
      766.0,
      842.0,
      615.0,
      458.0,
      646.0,
      477.0,
      630.0,
      384.0,
      544.0,
      1239.0,
      726.0,
      666.0,
      567.0,
      614.0,
      824.0,
      847.0,
      196.0,
      277.0,
      823.0,
      216.0,
      503.0,
      467.0,
      555.0,
      533.0,
      806.0,
      550.0,
      861.0,
      868.0,
      843.0,
      291.0
    ],
    [
      767.0,
      1100.0,
      221.0,
      1536.0,
      814.0,
      478.0,
      221.0,
      1477.0,
      126.0,
      288.0,
      399.0,
      1324.0,
      1503.0,
      615.0,
      150.0,
      437.0,
      498.0,
      609.0,
      722.0,
      0.0,
      1294.0,
      697.0,
      1180.0,
      1167.0,
      1355.0,
      363.0,
      976.0,
      1106.0,
      1266.0,
      1670.0,
      959.0,
      167.0,
      708.0,
      649.0,
      224.0,
      1556.0,
      723.0,
      738.0,
      714.0,
      653.0,
      538.0,
      415.0,
      289.0,
      1079.0,
      206.0,
      955.0,
      1301.0,
      146.0,
      1434.0,
      634.0
    ],
    [
      527.0,
      204.0,
      1100.0,
      445.0,
      702.0,
      912.0,
      1083.0,
      527.0,
      1420.0,
      1423.0,
      1215.0,
      144.0,
      209.0,
      1103.0,
      1198.0,
      1284.0,
      1555.0,
      922.0,
      766.0,
      1294.0,
      0.0,
      1593.0,
      151.0,
      406.0,
      324.0,
      1135.0,
      318.0,
      688.0,
      526.0,
      474.0,
      515.0,
      1147.0,
      596.0,
      1365.0,
      1423.0,
      527.0,
      955.0,
      593.0,
      1574.0,
      727.0,
      1254.0,
      883.0,
      1196.0,
      252.0,
      1405.0,
      368.0,
      95.0,
      1396.0,
      258.0,
      697.0
    ],
    [
      1167.0,
      1437.0,
      684.0,
      1634.0,
      899.0,
      681.0,
      918.0,
      1545.0,
      664.0,
      411.0,
      478.0,
      1540.0,
      1733.0,
      490.0,
      805.0,
      420.0,
      217.0,
      725.0,
      842.0,
      697.0,
      1593.0,
      0.0,
      1442.0,
      1265.0,
      1453.0,
      558.0,
      1353.0,
      1174.0,
      1336.0,
      2046.0,
      1359.0,
      804.0,
      1160.0,
      228.0,
      534.0,
      1654.0,
      735.0,
      1000.0,
      62.0,
      866.0,
      339.0,
      896.0,
      588.0,
      1341.0,
      545.0,
      1273.0,
      1678.0,
      763.0,
      1650.0,
      957.0
    ],
    [
      493.0,
      286.0,
      986.0,
      502.0,
      551.0,
      761.0,
      1049.0,
      523.0,
      1306.0,
      1284.0,
      1064.0,
      144.0,
      337.0,
      952.0,
      1084.0,
      1133.0,
      1404.0,
      771.0,
      615.0,
      1180.0,
      151.0,
      1442.0,
      0.0,
      263.0,
      320.0,
      984.0,
      348.0,
      561.0,
      408.0,
      625.0,
      481.0,
      1033.0,
      562.0,
      1214.0,
      1309.0,
      523.0,
      804.0,
      442.0,
      1423.0,
      576.0,
      1103.0,
      769.0,
      1062.0,
      101.0,
      1291.0,
      324.0,
      246.0,
      1326.0,
      254.0,
      546.0
    ],
    [
      674.0,
      549.0,
      946.0,
      369.0,
      366.0,
      689.0,
      1082.0,
      383.0,
      1293.0,
      1198.0,
      991.0,
      275.0,
      468.0,
      775.0,
      1082.0,
      1047.0,
      1318.0,
      614.0,
      458.0,
      1167.0,
      406.0,
      1265.0,
      263.0,
      0.0,
      188.0,
      922.0,
      611.0,
      298.0,
      145.0,
      781.0,
      744.0,
      1031.0,
      743.0,
      1037.0,
      1269.0,
      389.0,
      619.0,
      440.0,
      1246.0,
      574.0,
      926.0,
      767.0,
      1000.0,
      364.0,
      1251.0,
      587.0,
      501.0,
      1313.0,
      385.0,
      544.0
    ],
    [
      813.0,
      528.0,
      1134.0,
      183.0,
      554.0,
      877.0,
      1270.0,
      208.0,
      1481.0,
      1386.0,
      1179.0,
      180.0,
      329.0,
      963.0,
      1270.0,
      1235.0,
      1506.0,
      802.0,
      646.0,
      1355.0,
      324.0,
      1453.0,
      320.0,
      188.0,
      0.0,
      1110.0,
      642.0,
      364.0,
      202.0,
      620.0,
      801.0,
      1219.0,
      882.0,
      1225.0,
      1457.0,
      203.0,
      807.0,
      628.0,
      1434.0,
      762.0,
      1114.0,
      955.0,
      1188.0,
      421.0,
      1439.0,
      644.0,
      419.0,
      1501.0,
      246.0,
      732.0
    ],
    [
      688.0,
      979.0,
      146.0,
      1291.0,
      569.0,
      233.0,
      430.0,
      1232.0,
      489.0,
      300.0,
      80.0,
      1128.0,
      1321.0,
      296.0,
      308.0,
      149.0,
      420.0,
      364.0,
      477.0,
      363.0,
      1135.0,
      558.0,
      984.0,
      922.0,
      1110.0,
      0.0,
      895.0,
      861.0,
      1021.0,
      1589.0,
      880.0,
      307.0,
      681.0,
      330.0,
      412.0,
      1311.0,
      478.0,
      542.0,
      539.0,
      408.0,
      219.0,
      338.0,
      78.0,
      883.0,
      394.0,
      815.0,
      1220.0,
      509.0,
      1238.0,
      499.0
    ],
    [
      209.0,
      148.0,
      782.0,
      763.0,
      609.0,
      672.0,
      765.0,
      845.0,
      1102.0,
      1105.0,
      975.0,
      462.0,
      527.0,
      863.0,
      880.0,
      1044.0,
      1315.0,
      701.0,
      630.0,
      976.0,
      318.0,
      1353.0,
      348.0,
      611.0,
      642.0,
      895.0,
      0.0,
      772.0,
      756.0,
      694.0,
      197.0,
      829.0,
      278.0,
      1125.0,
      1105.0,
      845.0,
      815.0,
      353.0,
      1334.0,
      487.0,
      1014.0,
      565.0,
      878.0,
      247.0,
      1087.0,
      80.0,
      325.0,
      1078.0,
      576.0,
      457.0
    ],
    [
      775.0,
      799.0,
      885.0,
      545.0,
      338.0,
      628.0,
      1153.0,
      371.0,
      1232.0,
      1107.0,
      900.0,
      544.0,
      691.0,
      684.0,
      1051.0,
      956.0,
      1227.0,
      540.0,
      384.0,
      1106.0,
      688.0,
      1174.0,
      561.0,
      298.0,
      364.0,
      861.0,
      772.0,
      0.0,
      162.0,
      982.0,
      868.0,
      1050.0,
      844.0,
      946.0,
      1208.0,
      565.0,
      521.0,
      541.0,
      1155.0,
      596.0,
      835.0,
      838.0,
      939.0,
      632.0,
      1190.0,
      692.0,
      783.0,
      1252.0,
      608.0,
      615.0
    ],
    [
      799.0,
      694.0,
      1045.0,
      383.0,
      452.0,
      788.0,
      1207.0,
      334.0,
      1392.0,
      1269.0,
      1062.0,
      382.0,
      529.0,
      846.0,
      1207.0,
      1118.0,
      1389.0,
      700.0,
      544.0,
      1266.0,
      526.0,
      1336.0,
      408.0,
      145.0,
      202.0,
      1021.0,
      756.0,
      162.0,
      0.0,
      820.0,
      889.0,
      1156.0,
      868.0,
      1108.0,
      1368.0,
      403.0,
      683.0,
      565.0,
      1317.0,
      699.0,
      997.0,
      892.0,
      1099.0,
      509.0,
      1350.0,
      716.0,
      621.0,
      1412.0,
      446.0,
      669.0
    ],
    [
      903.0,
      666.0,
      1476.0,
      437.0,
      1147.0,
      1366.0,
      1459.0,
      765.0,
      1796.0,
      1799.0,
      1669.0,
      510.0,
      341.0,
      1556.0,
      1574.0,
      1738.0,
      2009.0,
      1395.0,
      1239.0,
      1670.0,
      474.0,
      2046.0,
      625.0,
      781.0,
      620.0,
      1589.0,
      694.0,
      982.0,
      820.0,
      0.0,
      891.0,
      1523.0,
      972.0,
      1818.0,
      1799.0,
      566.0,
      1400.0,
      1047.0,
      2027.0,
      1181.0,
      1707.0,
      1259.0,
      1572.0,
      726.0,
      1781.0,
      774.0,
      390.0,
      1772.0,
      396.0,
      1151.0
    ],
    [
      192.0,
      321.0,
      765.0,
      960.0,
      705.0,
      682.0,
      748.0,
      1004.0,
      1085.0,
      1088.0,
      960.0,
      625.0,
      724.0,
      869.0,
      863.0,
      1029.0,
      1298.0,
      768.0,
      726.0,
      959.0,
      515.0,
      1359.0,
      481.0,
      744.0,
      801.0,
      880.0,
      197.0,
      868.0,
      889.0,
      891.0,
      0.0,
      812.0,
      261.0,
      1131.0,
      1088.0,
      1004.0,
      882.0,
      449.0,
      1340.0,
      566.0,
      1020.0,
      548.0,
      861.0,
      380.0,
      1070.0,
      176.0,
      522.0,
      1061.0,
      735.0,
      479.0
    ],
    [
      620.0,
      953.0,
      165.0,
      1400.0,
      758.0,
      422.0,
      128.0,
      1414.0,
      293.0,
      395.0,
      351.0,
      1177.0,
      1356.0,
      567.0,
      51.0,
      420.0,
      605.0,
      553.0,
      666.0,
      167.0,
      1147.0,
      804.0,
      1033.0,
      1031.0,
      1219.0,
      307.0,
      829.0,
      1050.0,
      1156.0,
      1523.0,
      812.0,
      0.0,
      587.0,
      601.0,
      382.0,
      1420.0,
      667.0,
      591.0,
      810.0,
      521.0,
      490.0,
      264.0,
      241.0,
      932.0,
      364.0,
      808.0,
      1154.0,
      293.0,
      1287.0,
      487.0
    ],
    [
      69.0,
      402.0,
      566.0,
      1041.0,
      638.0,
      483.0,
      487.0,
      1085.0,
      830.0,
      889.0,
      761.0,
      706.0,
      805.0,
      670.0,
      609.0,
      830.0,
      1099.0,
      569.0,
      567.0,
      708.0,
      596.0,
      1160.0,
      562.0,
      743.0,
      882.0,
      681.0,
      278.0,
      844.0,
      868.0,
      972.0,
      261.0,
      587.0,
      0.0,
      932.0,
      889.0,
      1085.0,
      683.0,
      326.0,
      1141.0,
      367.0,
      821.0,
      349.0,
      662.0,
      461.0,
      871.0,
      257.0,
      603.0,
      800.0,
      816.0,
      280.0
    ],
    [
      939.0,
      1209.0,
      456.0,
      1406.0,
      671.0,
      453.0,
      724.0,
      1317.0,
      685.0,
      394.0,
      250.0,
      1312.0,
      1505.0,
      262.0,
      602.0,
      243.0,
      320.0,
      497.0,
      614.0,
      649.0,
      1365.0,
      228.0,
      1214.0,
      1037.0,
      1225.0,
      330.0,
      1125.0,
      946.0,
      1108.0,
      1818.0,
      1131.0,
      601.0,
      932.0,
      0.0,
      565.0,
      1426.0,
      507.0,
      772.0,
      209.0,
      638.0,
      111.0,
      668.0,
      360.0,
      1113.0,
      529.0,
      1045.0,
      1450.0,
      784.0,
      1422.0,
      729.0
    ],
    [
      896.0,
      1229.0,
      323.0,
      1638.0,
      916.0,
      580.0,
      445.0,
      1579.0,
      130.0,
      173.0,
      416.0,
      1453.0,
      1632.0,
      594.0,
      374.0,
      322.0,
      319.0,
      711.0,
      824.0,
      224.0,
      1423.0,
      534.0,
      1309.0,
      1269.0,
      1457.0,
      412.0,
      1105.0,
      1208.0,
      1368.0,
      1799.0,
      1088.0,
      382.0,
      889.0,
      565.0,
      0.0,
      1658.0,
      825.0,
      867.0,
      551.0,
      755.0,
      454.0,
      546.0,
      334.0,
      1208.0,
      36.0,
      1084.0,
      1430.0,
      229.0,
      1563.0,
      763.0
    ],
    [
      1016.0,
      731.0,
      1335.0,
      216.0,
      755.0,
      1078.0,
      1471.0,
      205.0,
      1682.0,
      1587.0,
      1380.0,
      383.0,
      412.0,
      1164.0,
      1471.0,
      1436.0,
      1707.0,
      1003.0,
      847.0,
      1556.0,
      527.0,
      1654.0,
      523.0,
      389.0,
      203.0,
      1311.0,
      845.0,
      565.0,
      403.0,
      566.0,
      1004.0,
      1420.0,
      1085.0,
      1426.0,
      1658.0,
      0.0,
      1008.0,
      829.0,
      1635.0,
      963.0,
      1315.0,
      1156.0,
      1389.0,
      624.0,
      1640.0,
      847.0,
      622.0,
      1702.0,
      329.0,
      933.0
    ],
    [
      690.0,
      889.0,
      502.0,
      988.0,
      253.0,
      245.0,
      790.0,
      892.0,
      849.0,
      668.0,
      461.0,
      894.0,
      1087.0,
      245.0,
      668.0,
      517.0,
      788.0,
      114.0,
      196.0,
      723.0,
      955.0,
      735.0,
      804.0,
      619.0,
      807.0,
      478.0,
      815.0,
      521.0,
      683.0,
      1400.0,
      882.0,
      667.0,
      683.0,
      507.0,
      825.0,
      1008.0,
      0.0,
      462.0,
      716.0,
      328.0,
      396.0,
      503.0,
      556.0,
      722.0,
      803.0,
      735.0,
      1050.0,
      869.0,
      1004.0,
      419.0
    ],
    [
      333.0,
      437.0,
      544.0,
      809.0,
      348.0,
      319.0,
      642.0,
      823.0,
      864.0,
      842.0,
      622.0,
      586.0,
      779.0,
      510.0,
      642.0,
      691.0,
      962.0,
      348.0,
      277.0,
      738.0,
      593.0,
      1000.0,
      442.0,
      440.0,
      628.0,
      542.0,
      353.0,
      541.0,
      565.0,
      1047.0,
      449.0,
      591.0,
      326.0,
      772.0,
      867.0,
      829.0,
      462.0,
      0.0,
      981.0,
      134.0,
      661.0,
      327.0,
      620.0,
      341.0,
      849.0,
      273.0,
      677.0,
      884.0,
      696.0,
      104.0
    ],
    [
      1148.0,
      1418.0,
      665.0,
      1615.0,
      880.0,
      662.0,
      933.0,
      1526.0,
      681.0,
      428.0,
      459.0,
      1521.0,
      1714.0,
      471.0,
      811.0,
      437.0,
      234.0,
      706.0,
      823.0,
      714.0,
      1574.0,
      62.0,
      1423.0,
      1246.0,
      1434.0,
      539.0,
      1334.0,
      1155.0,
      1317.0,
      2027.0,
      1340.0,
      810.0,
      1141.0,
      209.0,
      551.0,
      1635.0,
      716.0,
      981.0,
      0.0,
      847.0,
      320.0,
      877.0,
      569.0,
      1322.0,
      562.0,
      1254.0,
      1659.0,
      780.0,
      1631.0,
      938.0
    ],
    [
      374.0,
      571.0,
      432.0,
      943.0,
      308.0,
      185.0,
      572.0,
      957.0,
      779.0,
      708.0,
      488.0,
      720.0,
      913.0,
      376.0,
      572.0,
      557.0,
      828.0,
      214.0,
      216.0,
      653.0,
      727.0,
      866.0,
      576.0,
      574.0,
      762.0,
      408.0,
      487.0,
      596.0,
      699.0,
      1181.0,
      566.0,
      521.0,
      367.0,
      638.0,
      755.0,
      963.0,
      328.0,
      134.0,
      847.0,
      0.0,
      527.0,
      257.0,
      486.0,
      475.0,
      737.0,
      407.0,
      812.0,
      799.0,
      830.0,
      91.0
    ],
    [
      828.0,
      1098.0,
      345.0,
      1295.0,
      560.0,
      342.0,
      613.0,
      1206.0,
      574.0,
      283.0,
      139.0,
      1201.0,
      1394.0,
      151.0,
      491.0,
      132.0,
      403.0,
      386.0,
      503.0,
      538.0,
      1254.0,
      339.0,
