{
  "instance_name": "tr25_tight_q5",
  "source_prefix": "tr25",
  "benchmark_version": "unified_hlrp_v2",
  "modeling_choices": {
    "single_allocation": true,
    "use_hub_capacity": true,
    "use_hub_fixed_cost": true,
    "use_vehicle_capacity": false,
    "use_karimi_covering_timebound": false,
    "local_tours": "closed tours starting and ending at the same hub",
    "route_cardinality_bound_q": 5,
    "candidate_hubs": "all nodes",
    "assignment_cost_mode": "normalized_throughput_distance",
    "objective_terms": [
      "hub_fixed_cost",
      "local_route_cost",
      "assignment_cost",
      "inter_hub_flow_cost",
      "vehicle_fixed_cost"
    ]
  },
  "parameters": {
    "alpha": 0.75,
    "cap_type": "tight",
    "cost_type": "tight",
    "q": 5,
    "vehicle_fixed_cost": 0.0,
    "keep_diag_flow": false,
    "assignment_weight": 1.0,
    "throughput_normalization_mean": 463996.48,
    "ap_meta_collect": null,
    "ap_meta_transfer": null,
    "ap_meta_distribute": null,
    "ap_meta_p": null,
    "source_parameter_rule": "source_neutral_normflow_v2",
    "source_parameter_note": "Non-AP OD flows are scaled to an AP-like total flow. Hub fixed costs and capacities are recomputed from the normalized throughput and flow-weighted distance.",
    "original_total_flow_before_normalization": 5799956.0,
    "target_total_flow_after_normalization": 3800.0,
    "normflow_weighted_distance": 712.8218779590742,
    "normflow_target_hubs": 5.0,
    "setting": "tight",
    "source_cap_code": "T",
    "source_cost_code": "T"
  },
  "summary": {
    "n_nodes": 25,
    "n_candidate_hubs": 25,
    "total_flow": 3800.0000000000005,
    "total_outbound": 3800.0000000000005,
    "total_inbound": 3800.0000000000005,
    "avg_nonzero_distance": 791.1766666666666,
    "avg_nonzero_flow": 6.333333333333333,
    "avg_throughput": 304.0,
    "min_hub_fixed_cost": 6427.4563561781515,
    "max_hub_fixed_cost": 8410.585338039116,
    "min_hub_capacity": 836.0000000000001,
    "max_hub_capacity": 1520.0
  },
  "nodes": [
    {
      "id": 0,
      "x": 36.991419,
      "y": 35.330829
    },
    {
      "id": 1,
      "x": 37.76365,
      "y": 38.277259
    },
    {
      "id": 2,
      "x": 38.756885,
      "y": 30.538704
    },
    {
      "id": 3,
      "x": 39.719074,
      "y": 43.050591
    },
    {
      "id": 4,
      "x": 40.656455,
      "y": 35.837346999999994
    },
    {
      "id": 5,
      "x": 39.933363,
      "y": 32.859742
    },
    {
      "id": 6,
      "x": 36.896891,
      "y": 30.713323
    },
    {
      "id": 7,
      "x": 41.180937,
      "y": 41.820819
    },
    {
      "id": 8,
      "x": 37.838016,
      "y": 27.84556
    },
    {
      "id": 9,
      "x": 39.653298,
      "y": 27.890342
    },
    {
      "id": 10,
      "x": 40.142573,
      "y": 29.97933
    },
    {
      "id": 11,
      "x": 38.885464,
      "y": 40.496625
    },
    {
      "id": 12,
      "x": 38.400569,
      "y": 42.109502
    },
    {
      "id": 13,
      "x": 40.732541,
      "y": 31.608209
    },
    {
      "id": 14,
      "x": 37.718336,
      "y": 30.282333
    },
    {
      "id": 15,
      "x": 40.188528000000005,
      "y": 29.060964
    },
    {
      "id": 16,
      "x": 40.14672,
      "y": 26.408587
    },
    {
      "id": 17,
      "x": 40.600207,
      "y": 33.616223
    },
    {
      "id": 18,
      "x": 40.549926,
      "y": 34.953724
    },
    {
      "id": 19,
      "x": 37.783016,
      "y": 29.096333
    },
    {
      "id": 20,
      "x": 37.924973,
      "y": 40.210983
    },
    {
      "id": 21,
      "x": 41.67713,
      "y": 26.555715000000003
    },
    {
      "id": 22,
      "x": 38.674816,
      "y": 39.222515
    },
    {
      "id": 23,
      "x": 39.746797,
      "y": 39.491124
    },
    {
      "id": 24,
      "x": 39.905499,
      "y": 41.265824
    }
  ],
  "hub_fixed_cost": [
    7614.089987062946,
    7069.642976037447,
    6843.435922695981,
    7456.427155328416,
    6531.39258937186,
    8410.585338039116,
    7622.127883427846,
    7287.005780445643,
    7448.746143606858,
    7480.5467414509885,
    6623.523367158982,
    7059.29488219057,
    7440.940432128359,
    6567.937908665392,
    6831.639650212579,
    7887.586856576622,
    7408.129417468449,
    6427.4563561781515,
    6636.719006072392,
    7341.857894654593,
    7652.386961875836,
    7451.184864665792,
    7115.016520063167,
    6847.985052333641,
    7531.774159876995
  ],
  "hub_capacity": [
    1122.1535794583979,
    883.8723649490779,
    948.5555072314542,
    880.5411841727127,
    874.5053242743573,
    1520.0,
    1063.0357200487476,
    836.0000000000001,
    941.7613981272448,
    1001.7629472305937,
    836.5350492316724,
    850.1691688476546,
    879.6662542896178,
    853.5648218300629,
    850.484522029387,
    1195.0968727476147,
    896.3936382259694,
    853.3248030195222,
    925.0725573575494,
    977.5522322917355,
    1026.4452903723534,
    882.7300856463588,
    919.8590684786669,
    863.5853443758175,
    998.3613375769751
  ],
  "outbound_flow": [
    308.1076477131896,
    86.13944657511193,
    146.8678383077389,
    83.00376761478881,
    77.31879345291587,
    662.5848196089763,
    253.51368182793112,
    40.99837998771025,
    140.5034451985498,
    196.57483608496344,
    41.50417692823876,
    54.37644699373582,
    82.17955446558561,
    57.58026440200581,
    54.67258717135096,
    374.94818926212554,
    97.91953594130713,
    57.35422820448983,
    124.85649891137105,
    173.98694059058383,
    219.55125176811688,
    85.0629901330286,
    119.96363420688019,
    67.02792228078971,
    193.40312236851452
  ],
  "inbound_flow": [
    307.9916813162031,
    84.41239899061306,
    144.6310627184068,
    81.31930656025668,
    75.71819510354906,
    697.423221831338,
    252.0447741327693,
    40.03985547476567,
    138.2915663498137,
    194.41340589480333,
    40.534514399764404,
    53.15585152714952,
    80.50754178135145,
    56.30135814823424,
    53.44937099522825,
    377.5433468805626,
    96.04507344538476,
    56.07859783763878,
    122.73306900948904,
    171.7311648571127,
    217.58899550272452,
    83.35297716051642,
    117.87754941589213,
    65.59046310006491,
    191.22465756636777
  ],
  "node_throughput": [
    616.0993290293927,
    170.551845565725,
    291.49890102614575,
    164.3230741750455,
    153.03698855646493,
    1360.0080414403142,
    505.5584559607004,
    81.03823546247592,
    278.7950115483635,
    390.98824197976677,
    82.03869132800317,
    107.53229852088535,
    162.68709624693707,
    113.88162255024005,
    108.12195816657922,
    752.4915361426881,
    193.9646093866919,
    113.43282604212861,
    247.58956792086008,
    345.71810544769653,
    437.1402472708414,
    168.415967293545,
    237.84118362277232,
    132.61838538085462,
    384.62777993488226
  ],
  "node_throughput_normalized": [
    2.0266425297019497,
    0.5610258077819901,
    0.9588779639017952,
    0.5405364282073865,
    0.5034111465673189,
    4.473710662632612,
    1.6630212367128303,
    0.2665731429686708,
    0.9170888537775115,
    1.2861455328281801,
    0.26986411621053674,
    0.35372466618712284,
    0.5351549218649246,
    0.3746106004942107,
    0.3556643360742737,
    2.4753011057325267,
    0.638041478245697,
    0.3731342961912125,
    0.8144393681607239,
    1.1372306100253176,
    1.4379613397067152,
    0.553999892412977,
    0.7823723145485931,
    0.43624468875281125,
    1.2652229603121128
  ],
  "distance_matrix": [
    [
      0.0,
      333.0,
      573.0,
      972.0,
      612.0,
      490.0,
      556.0,
      1016.0,
      893.0,
      896.0,
      768.0,
      637.0,
      736.0,
      677.0,
      671.0,
      837.0,
      1106.0,
      576.0,
      574.0,
      767.0,
      527.0,
      1167.0,
      493.0,
      674.0,
      813.0
    ],
    [
      333.0,
      0.0,
      906.0,
      649.0,
      636.0,
      756.0,
      889.0,
      731.0,
      1226.0,
      1229.0,
      1059.0,
      348.0,
      413.0,
      947.0,
      1004.0,
      1128.0,
      1399.0,
      785.0,
      700.0,
      1100.0,
      204.0,
      1437.0,
      286.0,
      549.0,
      528.0
    ],
    [
      573.0,
      906.0,
      0.0,
      1315.0,
      593.0,
      257.0,
      288.0,
      1256.0,
      347.0,
      323.0,
      206.0,
      1130.0,
      1309.0,
      422.0,
      166.0,
      275.0,
      533.0,
      388.0,
      501.0,
      221.0,
      1100.0,
      684.0,
      986.0,
      946.0,
      1134.0
    ],
    [
      972.0,
      649.0,
      1315.0,
      0.0,
      735.0,
      1058.0,
      1451.0,
      374.0,
      1662.0,
      1567.0,
      1360.0,
      362.0,
      236.0,
      1144.0,
      1451.0,
      1416.0,
      1687.0,
      983.0,
      827.0,
      1536.0,
      445.0,
      1634.0,
      502.0,
      369.0,
      183.0
    ],
    [
      612.0,
      636.0,
      593.0,
      735.0,
      0.0,
      336.0,
      874.0,
      709.0,
      940.0,
      832.0,
      625.0,
      641.0,
      834.0,
      409.0,
      759.0,
      681.0,
      952.0,
      248.0,
      92.0,
      814.0,
      702.0,
      899.0,
      551.0,
      366.0,
      554.0
    ],
    [
      490.0,
      756.0,
      257.0,
      1058.0,
      336.0,
      0.0,
      545.0,
      999.0,
      604.0,
      533.0,
      313.0,
      905.0,
      1098.0,
      191.0,
      423.0,
      382.0,
      653.0,
      131.0,
      244.0,
      478.0,
      912.0,
      681.0,
      761.0,
      689.0,
      877.0
    ],
    [
      556.0,
      889.0,
      288.0,
      1451.0,
      874.0,
      545.0,
      0.0,
      1465.0,
      343.0,
      509.0,
      474.0,
      1193.0,
      1292.0,
      690.0,
      122.0,
      543.0,
      719.0,
      676.0,
      782.0,
      221.0,
      1083.0,
      918.0,
      1049.0,
      1082.0,
      1270.0
    ],
    [
      1016.0,
      731.0,
      1256.0,
      374.0,
      709.0,
      999.0,
      1465.0,
      0.0,
      1603.0,
      1478.0,
      1271.0,
      383.0,
      520.0,
      1055.0,
      1422.0,
      1327.0,
      1598.0,
      911.0,
      755.0,
      1477.0,
      527.0,
      1545.0,
      523.0,
      383.0,
      208.0
    ],
    [
      893.0,
      1226.0,
      347.0,
      1662.0,
      940.0,
      604.0,
      343.0,
      1603.0,
      0.0,
      293.0,
      525.0,
      1450.0,
      1629.0,
      714.0,
      272.0,
      442.0,
      449.0,
      735.0,
      848.0,
      126.0,
      1420.0,
      664.0,
      1306.0,
      1293.0,
      1481.0
    ],
    [
      896.0,
      1229.0,
      323.0,
      1567.0,
      832.0,
      533.0,
      509.0,
      1478.0,
      293.0,
      0.0,
      245.0,
      1428.0,
      1621.0,
      423.0,
      396.0,
      151.0,
      210.0,
      658.0,
      775.0,
      288.0,
      1423.0,
      411.0,
      1284.0,
      1198.0,
      1386.0
    ],
    [
      768.0,
      1059.0,
      206.0,
      1360.0,
      625.0,
      313.0,
      474.0,
      1271.0,
      525.0,
      245.0,
      0.0,
      1208.0,
      1401.0,
      216.0,
      352.0,
      94.0,
      365.0,
      444.0,
      557.0,
      399.0,
      1215.0,
      478.0,
      1064.0,
      991.0,
      1179.0
    ],
    [
      637.0,
      348.0,
      1130.0,
      362.0,
      641.0,
      905.0,
      1193.0,
      383.0,
      1450.0,
      1428.0,
      1208.0,
      0.0,
      197.0,
      1050.0,
      1228.0,
      1277.0,
      1548.0,
      889.0,
      733.0,
      1324.0,
      144.0,
      1540.0,
      144.0,
      275.0,
      180.0
    ],
    [
      736.0,
      413.0,
      1309.0,
      236.0,
      834.0,
      1098.0,
      1292.0,
      520.0,
      1629.0,
      1621.0,
      1401.0,
      197.0,
      0.0,
      1243.0,
      1407.0,
      1470.0,
      1741.0,
      1082.0,
      926.0,
      1503.0,
      209.0,
      1733.0,
      337.0,
      468.0,
      329.0
    ],
    [
      677.0,
      947.0,
      422.0,
      1144.0,
      409.0,
      191.0,
      690.0,
      1055.0,
      714.0,
      423.0,
      216.0,
      1050.0,
      1243.0,
      0.0,
      568.0,
      272.0,
      543.0,
      235.0,
      352.0,
      615.0,
      1103.0,
      490.0,
      952.0,
      775.0,
      963.0
    ],
    [
      671.0,
      1004.0,
      166.0,
      1451.0,
      759.0,
      423.0,
      122.0,
      1422.0,
      272.0,
      396.0,
      352.0,
      1228.0,
      1407.0,
      568.0,
      0.0,
      421.0,
      606.0,
      554.0,
      667.0,
      150.0,
      1198.0,
      805.0,
      1084.0,
      1082.0,
      1270.0
    ],
    [
      837.0,
      1128.0,
      275.0,
      1416.0,
      681.0,
      382.0,
      543.0,
      1327.0,
      442.0,
      151.0,
      94.0,
      1277.0,
      1470.0,
      272.0,
      421.0,
      0.0,
      271.0,
      507.0,
      624.0,
      437.0,
      1284.0,
      420.0,
      1133.0,
      1047.0,
      1235.0
    ],
    [
      1106.0,
      1399.0,
      533.0,
      1687.0,
      952.0,
      653.0,
      719.0,
      1598.0,
      449.0,
      210.0,
      365.0,
      1548.0,
      1741.0,
      543.0,
      606.0,
      271.0,
      0.0,
      778.0,
      895.0,
      498.0,
      1555.0,
      217.0,
      1404.0,
      1318.0,
      1506.0
    ],
    [
      576.0,
      785.0,
      388.0,
      983.0,
      248.0,
      131.0,
      676.0,
      911.0,
      735.0,
      658.0,
      444.0,
      889.0,
      1082.0,
      235.0,
      554.0,
      507.0,
      778.0,
      0.0,
      156.0,
      609.0,
      922.0,
      725.0,
      771.0,
      614.0,
      802.0
    ],
    [
      574.0,
      700.0,
      501.0,
      827.0,
      92.0,
      244.0,
      782.0,
      755.0,
      848.0,
      775.0,
      557.0,
      733.0,
      926.0,
      352.0,
      667.0,
      624.0,
      895.0,
      156.0,
      0.0,
      722.0,
      766.0,
      842.0,
      615.0,
      458.0,
      646.0
    ],
    [
      767.0,
      1100.0,
      221.0,
      1536.0,
      814.0,
      478.0,
      221.0,
      1477.0,
      126.0,
      288.0,
      399.0,
      1324.0,
      1503.0,
      615.0,
      150.0,
      437.0,
      498.0,
      609.0,
      722.0,
      0.0,
      1294.0,
      697.0,
      1180.0,
      1167.0,
      1355.0
    ],
    [
      527.0,
      204.0,
      1100.0,
      445.0,
      702.0,
      912.0,
      1083.0,
      527.0,
      1420.0,
      1423.0,
      1215.0,
      144.0,
      209.0,
      1103.0,
      1198.0,
      1284.0,
      1555.0,
      922.0,
      766.0,
      1294.0,
      0.0,
      1593.0,
      151.0,
      406.0,
      324.0
    ],
    [
      1167.0,
      1437.0,
      684.0,
      1634.0,
      899.0,
      681.0,
      918.0,
      1545.0,
      664.0,
      411.0,
      478.0,
      1540.0,
      1733.0,
      490.0,
      805.0,
      420.0,
      217.0,
      725.0,
      842.0,
      697.0,
      1593.0,
      0.0,
      1442.0,
      1265.0,
      1453.0
    ],
    [
      493.0,
      286.0,
      986.0,
      502.0,
      551.0,
      761.0,
      1049.0,
      523.0,
      1306.0,
      1284.0,
      1064.0,
      144.0,
      337.0,
      952.0,
      1084.0,
      1133.0,
      1404.0,
      771.0,
      615.0,
      1180.0,
      151.0,
      1442.0,
      0.0,
      263.0,
      320.0
    ],
    [
      674.0,
      549.0,
      946.0,
      369.0,
      366.0,
      689.0,
      1082.0,
      383.0,
      1293.0,
      1198.0,
      991.0,
      275.0,
      468.0,
      775.0,
      1082.0,
      1047.0,
      1318.0,
      614.0,
      458.0,
      1167.0,
      406.0,
      1265.0,
      263.0,
      0.0,
      188.0
    ],
    [
      813.0,
      528.0,
      1134.0,
      183.0,
      554.0,
      877.0,
      1270.0,
      208.0,
      1481.0,
      1386.0,
      1179.0,
      180.0,
      329.0,
      963.0,
      1270.0,
      1235.0,
      1506.0,
      802.0,
      646.0,
      1355.0,
      324.0,
      1453.0,
      320.0,
      188.0,
      0.0
    ]
  ],
  "flow_matrix": [
    [
      0.0,
      6.984846091935871,
      12.160747426359787,
      6.723430315678257,
      6.251047421739062,
      70.86398586472036,
      21.842958808653034,
      3.275231743137362,
      11.607777714175763,
      16.572711930918096,
      3.3165079183359323,
      4.362826200750488,
      6.654636690347306,
      4.624897154392206,
      4.387067763962348,
      34.00305105762872,
      7.971543232396936,
      4.606552187637286,
      10.258767480305023,
      14.546903459267623,
      18.66993473743594,
      6.895086790313582,
      9.84010913186238,
      5.400627177171689,
      16.286399414064523
    ],
    [
      7.121778165213668,
      0.0,
      3.1913690379720125,
      1.7643926953928617,
      1.6405641697971503,
      18.59524451564805,
      5.731491756144357,
      0.8595927279448328,
      3.0459196587008592,
      4.349067475684299,
      0.8700755660905014,
      1.1445948900302003,
      1.7460477286379414,
      1.213388515361151,
      1.1511466638712433,
      8.92286079411637,
      2.091981387445008,
      1.208802273672421,
      2.692123871284541,
      3.8170634397916126,
      4.899416478331905,
      1.8095999348960579,
      2.5820540707550195,
      1.4171486818175862,
      4.273722076512305
    ],
    [
      12.337645320067946,
      3.174989603369405,
      0.0,
      3.056402496846528,
      2.8415043148603196,
      32.21245126687168,
      9.929213256100564,
      1.4892181940690585,
      5.2767986515759775,
      7.533229562431163,
      1.5075631608239788,
      1.9832219416836956,
      3.0249539824095217,
      2.102464225590677,
      1.9943599572134687,
      15.456944845788486,
      3.623786111480846,
      2.0939469195973213,
      4.663552620054359,
      6.612705337764631,
      8.487167833687014,
      3.134368605554939,
      4.47289600128001,
      2.4549496582387866,
      7.403504440378514
    ],
    [
      6.857086502035533,
      1.7643926953928617,
      3.072781931449135,
      0.0,
      1.579632673075451,
      17.904032375418023,
      5.518559106310462,
      0.8274890361237224,
      2.9325739712508168,
      4.187238661810538,
      0.837971874269391,
      1.1026635374475255,
      1.6811851676116165,
      1.1681812758579548,
      1.1085601339044642,
      8.591341037759598,
      2.0140152787365975,
      1.1635950341692247,
      2.591881731516584,
      3.675545124825085,
      4.717277165550911,
      1.7421166643333157,
      2.4863981726757927,
      1.3647344910892427,
      4.1145139721749615
    ],
    [
      6.378151834255295,
      1.6412193471812546,
      2.857883749462927,
      1.5802878504595552,
      0.0,
      16.65395392654703,
      5.133314804457138,
      0.7698334263225446,
      2.728158627410277,
      3.8950295485000233,
      0.779661087084109,
      1.025352606123219,
      1.563908415856948,
      1.0869392802290225,
      1.0312492025801576,
      7.991198553920064,
      1.8731521411541743,
      1.0823530385402924,
      2.411052773503799,
      3.4187155902562023,
      4.387722941346452,
      1.6202536708899171,
      2.312776165888155,
      1.269078593010016,
      3.827546277937281
    ],
    [
      68.01920566293951,
      17.504374171114403,
      30.476231198995304,
      16.849851964394215,
      15.665946431317757,
      0.0,
      54.74138079668191,
      8.20871744544269,
      29.090531031614724,
      41.53300473313936,
      8.311580294747063,
      10.93425536331655,
      16.678195489758888,
      11.590743102189052,
      10.995186860038249,
      85.21630164090901,
      19.97766879610811,
      11.544225507917647,
      25.70981572963657,
      36.45669036109929,
      46.790148063192206,
      17.27964832836663,
      24.660876737685598,
      13.53465440082649,
      40.81558549754516
    ],
    [
      21.95433896395076,
      5.649594583131321,
      9.83683324494186,
      5.438627465449739,
      5.056659050516935,
      57.32146933528462,
      0.0,
      2.649537341317762,
      9.389347091598626,
      13.405584456157944,
      2.6822962105229764,
      3.5294405681698278,
      5.382937387800873,
      3.7410628632355145,
      3.5490958896929565,
      27.505001762082333,
      6.448255814354454,
      3.725993783401116,
      8.298476747064978,
      11.766985818513106,
      15.102493880988064,
      5.577525070879848,
      7.959750039483058,
      4.368722797207427,
      13.173651662185025
    ],
    [
      3.351887497077564,
      0.8628686148653542,
      1.5016665643670402,
      0.8301097456601395,
      0.7717989584748575,
      8.75185949686515,
      2.6973652903573755,
      0.0,
      1.4335281164201936,
      2.0467741479418122,
      0.40948586506518325,
      0.5385558097337291,
      0.8215924396667837,
      0.5713146789389437,
      0.5418316966542505,
      4.199687032108519,
      0.9847316083087527,
      0.5686939694025266,
      1.267113060857703,
      1.796496387213972,
      2.305569214663008,
      0.8517305993355813,
      1.2153540475134639,
      0.6669705770181705,
      2.0113945692001804
    ],
    [
      11.78271007573161,
      3.0321609336346693,
      5.279419361112395,
      2.9188152461846264,
      2.7137447249599824,
      30.764509248001193,
      9.48303745752554,
      1.4217349235063164,
      0.0,
      7.194502854849244,
      1.4394247128771323,
      1.8941178174455118,
      2.889332263899933,
      2.0081186822796586,
      1.9046006555911805,
      14.76180164125383,
      3.460646942838877,
      1.999601376286303,
      4.453895857140986,
      6.315254805381283,
      8.105199418754212,
      2.9935054679725157,
      4.271756544359992,
      2.3448798577092655,
      7.070674329253532
    ],
    [
      16.741747696017004,
      4.308446477869833,
      7.501125870610053,
      4.147272841380176,
      3.8557189054537657,
      43.71212471267024,
      13.473722904104791,
      2.0205670525776402,
      7.160433630875821,
      0.0,
      2.0454637931736035,
      2.6914686939004366,
      4.105341488797501,
      2.852642330390093,
      2.7065377737348353,
      20.974848774714843,
      4.917106267702721,
      2.8415043148603196,
      6.3283583530633685,
      8.9733094526924,
      11.516708057785266,
      4.253411577605072,
      6.069563286342173,
      3.3315769981703314,
      10.045834830471128
    ],
    [
      3.393818849660239,
      0.8733514530110229,
      1.5206667085060646,
      0.8405925838058083,
      0.7816266192364218,
      8.860618942626461,
      2.7314345143307985,
      0.40948586506518325,
      1.4512179057910095,
      2.0723260659218794,
      0.0,
      0.5457627609588763,
      0.8320752778124524,
      0.578521630164091,
      0.5483834704952935,
      4.2514460454527585,
      0.99652480122263,
      0.5759009206276737,
      1.2828373180762063,
      1.818772418273518,
      2.334397019563597,
      0.8622134374812499,
      1.2304231273478627,
      0.6754878830115263,
      2.0362913097961433
    ],
    [
      4.460447630982029,
      1.1478707769507217,
      1.9982910215180945,
      1.1046290695998384,
      1.0273181382755319,
      11.645778002453813,
      3.589716887507423,
      0.5385558097337291,
      1.907876542511702,
      2.723572385721547,
      0.545107583574772,
      0.0,
      1.0934910540700655,
      0.7600057655609802,
      0.7206951225147226,
      5.588007909025517,
      1.3096995908244822,
      0.7567298786404587,
      1.6857714093003464,
      2.390742274596566,
      3.0681956897604055,
      1.132801697116323,
      1.6169777839693957,
      0.8877653554613173,
      2.676399614066038
    ],
    [
      6.787637699320478,
      1.7467029060220458,
      3.041333417012129,
      1.6811851676116165,
      1.5632532384728437,
      17.723203417405237,
      5.462869028661597,
      0.8189717301303665,
      2.9030909889661234,
      4.144652131843759,
      0.8294545682760353,
      1.0908703445336483,
      0.0,
      1.1563880829440776,
      1.0974221183746913,
      8.504202445673727,
      1.9937047798293643,
      1.1518018412553475,
      2.5656746361524125,
      3.6382000139311406,
      4.669449216511298,
      1.7244268749624998,
      2.4608462546957255,
      1.3509757660230526,
      4.073237796976391
    ],
    [
      4.726449648928371,
      1.2166644022816726,
      2.117533305425076,
      1.170801985394372,
      1.0889048123813354,
      12.341576384372571,
      3.8039598921095266,
      0.5706595015548395,
      2.0212222299617446,
      2.8860563769794116,
      0.5778664527799866,
      0.7600057655609802,
      1.1590087924804948,
      0.0,
      0.763936829865606,
      5.921493197534602,
      1.3883208769169975,
      0.801937118143655,
      1.7866687264524077,
      2.533570944331302,
      3.2516453573096076,
      1.2009401450631696,
      1.713944036816831,
      0.9408347235737651,
      2.8362628957874856
    ],
    [
      4.484689194193887,
      1.1544225507917647,
      2.0094290370478674,
      1.1111808434408814,
      1.0332147347324705,
      11.709985386096033,
      3.6093722090305516,
      0.5411765192701462,
      1.9183593806573707,
      2.7386414655559457,
      0.5477282931111892,
      0.7206951225147226,
      1.0993876505270042,
      0.763936829865606,
      0.0,
      5.6188012460784185,
      1.3169065420496293,
      0.7613161203291887,
      1.6949438926778067,
      2.403845822278652,
      3.0852303017471168,
      1.139353470957366,
      1.6261502673468557,
      0.8923515971500474,
      2.6914686939004366
    ],
    [
      33.78160110180146,
      8.693548709679867,
      15.135907927577383,
      8.368580727164138,
      7.780231436238482,
      88.20128980288817,
      27.187240730791753,
      4.076513683896913,
      14.44731649688377,
      20.626949583755465,
      4.127617519857047,
      5.430765336840487,
      8.282752489846475,
      5.75638849674032,
      5.460903496509284,
      0.0,
      9.922006304875417,
      5.733457288296671,
      12.768752038808572,
      18.105827009722145,
      23.237831459411073,
      8.582168554382138,
      12.247886018445659,
      6.722119960910049,
      20.27053308680273
    ],
    [
      8.12026849858861,
      2.0900158552926955,
      3.6382000139311406,
      2.0113945692001804,
      1.8705314316177573,
      21.202195326999032,
      6.535394406440325,
      0.9801453666200227,
      3.4730953131368585,
      4.958382442901291,
      0.9919385595339,
      1.305113349135752,
      1.991084070292947,
      1.3837346352282673,
      1.3123203003608994,
      10.173594420371465,
      0.0,
      1.378493216155433,
      3.0695060445286138,
      4.35234336260482,
      5.586042376873205,
      2.0631535825444196,
      2.944367164164694,
      1.6156674292011872,
      4.872554205583629
    ],
    [
      4.708104682173452,
      1.2114229832088381,
      2.1096711768158243,
      1.166215743705642,
      1.0843185706926053,
      12.29243808056475,
      3.788890812275128,
      0.5680387920184222,
      2.013360101352493,
      2.8749183614496387,
      0.5752457432435695,
      0.7567298786404587,
      1.1544225507917647,
      0.801937118143655,
      0.7613161203291887,
      5.898561989090952,
      1.383079457844163,
      0.0,
      1.7794617752272603,
      2.523088106185633,
      3.2385418096275216,
      1.195698725990335,
      1.706737085591684,
      0.9369036592691393,
      2.8251248802577127
    ],
    [
      10.427148068019827,
      2.683606565291185,
      4.672069926047715,
      2.582709248139124,
      2.401225112742235,
      27.225241019069802,
      8.391511935607788,
      1.2585957548643474,
      4.459792453597924,
      6.367013818725522,
      1.2743200120828504,
      1.675943748538782,
      2.5565021527749523,
      1.7768410656908433,
      1.6857714093003464,
      13.063581861655504,
      3.0622990933034666,
      1.769634114465696,
      0.0,
      5.588663086409621,
      7.172882001173803,
      2.6488821639336577,
      3.780373506281772,
      2.074946775458297,
      6.256944018196
    ],
    [
      14.724456530359886,
      3.7895459896592323,
      6.597636257930233,
      3.6473724973086004,
      3.391198140123822,
      38.44449854447172,
      11.850193346294352,
      1.7768410656908433,
      6.297565016010466,
      8.990999242063216,
      1.7991170967503893,
      2.3671558887688113,
      3.6106825637987603,
      2.5093293811194433,
      2.3802594364508973,
      18.44717442684048,
      4.3248259124724395,
      2.4988465429737743,
      5.5657318779659715,
      0.0,
      10.129042358252374,
      3.74040768585141,
      5.338385325681782,
      2.9299532617143993,
      8.8357222020305
    ],
    [
      18.82259106793224,
      4.84372640068304,
      8.433443288190462,
      4.662897442670255,
      4.3353087506181085,
      49.14551075904714,
      15.148356297875365,
      2.2714999906895845,
      8.050164518489451,
      11.493121671957512,
      2.299672618206069,
      3.025609159793626,
      4.615069493630641,
      3.20774847257462,
      3.042643771780338,
      23.581799586065827,
      5.528386767072027,
      3.194644924892534,
      7.11457121398852,
      10.088421360437907,
      0.0,
      4.781484549193132,
      6.824327632830318,
      3.7456491049242446,
      11.294602924573912
    ],
    [
      7.031363686207275,
      1.8095999348960579,
      3.150092862773442,
      1.7414614869492115,
      1.619598493505813,
      18.358070302602297,
      5.658767066508781,
      0.8484547124150598,
      3.007264193038706,
      4.2933773980354335,
      0.8589375505607284,
      1.1301809875799058,
      1.7237716975783954,
      1.1983194355267524,
      1.1367327614209488,
      8.808859929282223,
      2.0651191146967323,
      1.193078016453918,
      2.6573994699270136,
      3.768580313367895,
      4.836519449457893,
      0.0,
      2.549295201549805,
      1.398803715062666,
      4.219342353631649
    ],
    [
      10.005869010040767,
      2.5748471195298723,
      4.483378839425678,
      2.478536044066541,
      2.3042588598947993,
      26.124543013774588,
      8.052785228025868,
      1.2074919189042124,
      4.278963495585139,
      6.109529106772534,
      1.2225609987386112,
      1.6084604779760399,
      2.4536393034705783,
      1.704771553439371,
      1.6176329613535,
      12.535508890067442,
      2.938470567707755,
      1.698219779598328,
      3.7816838610499808,
      5.36262688889364,
      6.8826384200156,
      2.5420882503246576,
      0.0,
      1.991084070292947,
      6.004045547931743
    ],
    [
      5.51528321938994,
      1.4191142139698991,
      2.471329092841394,
      1.3660448458574515,
      1.2703889477782246,
      14.400143725228261,
      4.438826777306587,
      0.6656602222499619,
      2.3586385827754555,
      3.367611754296067,
      0.6741775282433178,
      0.8864550006931088,
      1.3522861207912613,
      0.9395243688055566,
      0.8916964197659432,
      6.909500692763877,
      1.619598493505813,
      0.9362484818850351,
      2.084774436219861,
      2.9561603570785713,
      3.7941322313479624,
      1.4014244245990832,
      1.999601376286303,
      0.0,
      3.309300967110785
    ],
    [
      16.457400711315742,
      4.235066610850152,
      7.374021458093821,
      4.076513683896913,
      3.790201167043336,
      42.96849838171186,
      13.244410819668287,
      1.9858426512201128,
      7.038570637432422,
      10.049110717391649,
      2.010739391816076,
      2.6456062770131363,
      4.0352375086983425,
      2.804159203966375,
      2.6600201794634306,
      20.617777100378003,
      4.833243562537371,
      2.7930211884366023,
      6.22025408468616,
      8.8206531221961,
      11.320810019938083,
      4.180686887969495,
      5.966700437037798,
      3.2745765657532577,
      0.0
    ]
  ],
  "distance_edges": [
    {
      "from": 0,
      "to": 0,
      "cost": 0.0
    },
    {
      "from": 0,
      "to": 1,
      "cost": 333.0
    },
    {
      "from": 0,
      "to": 2,
      "cost": 573.0
    },
    {
      "from": 0,
      "to": 3,
      "cost": 972.0
    },
    {
      "from": 0,
      "to": 4,
      "cost": 612.0
    },
    {
      "from": 0,
      "to": 5,
      "cost": 490.0
    },
    {
      "from": 0,
      "to": 6,
      "cost": 556.0
    },
    {
      "from": 0,
      "to": 7,
      "cost": 1016.0
    },
    {
      "from": 0,
      "to": 8,
      "cost": 893.0
    },
    {
      "from": 0,
      "to": 9,
      "cost": 896.0
    },
    {
      "from": 0,
      "to": 10,
      "cost": 768.0
    },
    {
      "from": 0,
      "to": 11,
      "cost": 637.0
    },
    {
      "from": 0,
      "to": 12,
      "cost": 736.0
    },
    {
      "from": 0,
      "to": 13,
      "cost": 677.0
    },
    {
      "from": 0,
      "to": 14,
      "cost": 671.0
    },
    {
      "from": 0,
      "to": 15,
      "cost": 837.0
    },
    {
      "from": 0,
      "to": 16,
      "cost": 1106.0
    },
    {
      "from": 0,
      "to": 17,
      "cost": 576.0
    },
    {
      "from": 0,
      "to": 18,
      "cost": 574.0
    },
    {
      "from": 0,
      "to": 19,
      "cost": 767.0
    },
    {
      "from": 0,
      "to": 20,
      "cost": 527.0
    },
    {
      "from": 0,
      "to": 21,
      "cost": 1167.0
    },
    {
      "from": 0,
      "to": 22,
      "cost": 493.0
    },
    {
      "from": 0,
      "to": 23,
      "cost": 674.0
    },
    {
      "from": 0,
      "to": 24,
      "cost": 813.0
    },
    {
      "from": 1,
      "to": 0,
      "cost": 333.0
    },
    {
      "from": 1,
      "to": 1,
      "cost": 0.0
    },
    {
      "from": 1,
      "to": 2,
      "cost": 906.0
    },
    {
      "from": 1,
      "to": 3,
      "cost": 649.0
    },
    {
      "from": 1,
      "to": 4,
      "cost": 636.0
    },
    {
      "from": 1,
      "to": 5,
      "cost": 756.0
    },
    {
      "from": 1,
      "to": 6,
      "cost": 889.0
    },
    {
      "from": 1,
      "to": 7,
      "cost": 731.0
    },
    {
      "from": 1,
      "to": 8,
      "cost": 1226.0
    },
    {
      "from": 1,
      "to": 9,
      "cost": 1229.0
    },
    {
      "from": 1,
      "to": 10,
      "cost": 1059.0
    },
    {
      "from": 1,
      "to": 11,
      "cost": 348.0
    },
    {
      "from": 1,
      "to": 12,
      "cost": 413.0
    },
    {
      "from": 1,
      "to": 13,
      "cost": 947.0
    },
    {
      "from": 1,
      "to": 14,
      "cost": 1004.0
    },
    {
      "from": 1,
      "to": 15,
      "cost": 1128.0
    },
    {
      "from": 1,
      "to": 16,
      "cost": 1399.0
    },
    {
      "from": 1,
      "to": 17,
      "cost": 785.0
    },
    {
      "from": 1,
      "to": 18,
      "cost": 700.0
    },
    {
      "from": 1,
      "to": 19,
      "cost": 1100.0
    },
    {
      "from": 1,
      "to": 20,
      "cost": 204.0
    },
    {
      "from": 1,
      "to": 21,
      "cost": 1437.0
    },
    {
      "from": 1,
      "to": 22,
      "cost": 286.0
    },
    {
      "from": 1,
      "to": 23,
      "cost": 549.0
    },
    {
      "from": 1,
      "to": 24,
      "cost": 528.0
    },
    {
      "from": 2,
      "to": 0,
      "cost": 573.0
    },
    {
      "from": 2,
      "to": 1,
      "cost": 906.0
    },
    {
      "from": 2,
      "to": 2,
      "cost": 0.0
    },
    {
      "from": 2,
      "to": 3,
      "cost": 1315.0
    },
    {
      "from": 2,
      "to": 4,
      "cost": 593.0
    },
    {
      "from": 2,
      "to": 5,
      "cost": 257.0
    },
    {
      "from": 2,
      "to": 6,
      "cost": 288.0
    },
    {
      "from": 2,
      "to": 7,
      "cost": 1256.0
    },
    {
      "from": 2,
      "to": 8,
      "cost": 347.0
    },
    {
      "from": 2,
      "to": 9,
      "cost": 323.0
    },
    {
      "from": 2,
      "to": 10,
      "cost": 206.0
    },
    {
      "from": 2,
      "to": 11,
      "cost": 1130.0
    },
    {
      "from": 2,
      "to": 12,
      "cost": 1309.0
    },
    {
      "from": 2,
      "to": 13,
      "cost": 422.0
    },
    {
      "from": 2,
      "to": 14,
      "cost": 166.0
    },
    {
      "from": 2,
      "to": 15,
      "cost": 275.0
    },
    {
      "from": 2,
      "to": 16,
      "cost": 533.0
    },
    {
      "from": 2,
      "to": 17,
      "cost": 388.0
    },
    {
      "from": 2,
      "to": 18,
      "cost": 501.0
    },
    {
      "from": 2,
      "to": 19,
      "cost": 221.0
    },
    {
      "from": 2,
      "to": 20,
      "cost": 1100.0
    },
    {
      "from": 2,
      "to": 21,
      "cost": 684.0
    },
    {
      "from": 2,
      "to": 22,
      "cost": 986.0
    },
    {
      "from": 2,
      "to": 23,
      "cost": 946.0
    },
    {
      "from": 2,
      "to": 24,
      "cost": 1134.0
    },
    {
      "from": 3,
      "to": 0,
      "cost": 972.0
    },
    {
      "from": 3,
      "to": 1,
      "cost": 649.0
    },
    {
      "from": 3,
      "to": 2,
      "cost": 1315.0
    },
    {
      "from": 3,
      "to": 3,
      "cost": 0.0
    },
    {
      "from": 3,
      "to": 4,
      "cost": 735.0
    },
    {
      "from": 3,
      "to": 5,
      "cost": 1058.0
    },
    {
      "from": 3,
      "to": 6,
      "cost": 1451.0
    },
    {
      "from": 3,
      "to": 7,
      "cost": 374.0
    },
    {
      "from": 3,
      "to": 8,
      "cost": 1662.0
    },
    {
      "from": 3,
      "to": 9,
      "cost": 1567.0
    },
    {
      "from": 3,
      "to": 10,
      "cost": 1360.0
    },
    {
      "from": 3,
      "to": 11,
      "cost": 362.0
    },
    {
      "from": 3,
      "to": 12,
      "cost": 236.0
    },
    {
      "from": 3,
      "to": 13,
      "cost": 1144.0
    },
    {
      "from": 3,
      "to": 14,
      "cost": 1451.0
    },
    {
      "from": 3,
      "to": 15,
      "cost": 1416.0
    },
    {
      "from": 3,
      "to": 16,
      "cost": 1687.0
    },
    {
      "from": 3,
      "to": 17,
      "cost": 983.0
    },
    {
      "from": 3,
      "to": 18,
      "cost": 827.0
    },
    {
      "from": 3,
      "to": 19,
      "cost": 1536.0
    },
    {
      "from": 3,
      "to": 20,
      "cost": 445.0
    },
    {
      "from": 3,
      "to": 21,
      "cost": 1634.0
    },
    {
      "from": 3,
      "to": 22,
      "cost": 502.0
    },
    {
      "from": 3,
      "to": 23,
      "cost": 369.0
    },
    {
      "from": 3,
      "to": 24,
      "cost": 183.0
    },
    {
      "from": 4,
      "to": 0,
      "cost": 612.0
    },
    {
      "from": 4,
      "to": 1,
      "cost": 636.0
    },
    {
      "from": 4,
      "to": 2,
      "cost": 593.0
    },
    {
      "from": 4,
      "to": 3,
      "cost": 735.0
    },
    {
      "from": 4,
      "to": 4,
      "cost": 0.0
    },
    {
      "from": 4,
      "to": 5,
      "cost": 336.0
    },
    {
      "from": 4,
      "to": 6,
      "cost": 874.0
    },
    {
      "from": 4,
      "to": 7,
      "cost": 709.0
    },
    {
      "from": 4,
      "to": 8,
      "cost": 940.0
    },
    {
      "from": 4,
      "to": 9,
      "cost": 832.0
    },
    {
      "from": 4,
      "to": 10,
      "cost": 625.0
    },
    {
      "from": 4,
      "to": 11,
      "cost": 641.0
    },
    {
      "from": 4,
      "to": 12,
      "cost": 834.0
    },
    {
      "from": 4,
      "to": 13,
      "cost": 409.0
    },
    {
      "from": 4,
      "to": 14,
      "cost": 759.0
    },
    {
      "from": 4,
      "to": 15,
      "cost": 681.0
    },
    {
      "from": 4,
      "to": 16,
      "cost": 952.0
    },
    {
      "from": 4,
      "to": 17,
      "cost": 248.0
    },
    {
      "from": 4,
      "to": 18,
      "cost": 92.0
    },
    {
      "from": 4,
      "to": 19,
      "cost": 814.0
    },
    {
      "from": 4,
      "to": 20,
      "cost": 702.0
    },
    {
      "from": 4,
