{
  "instance_name": "ap40_LL_q5",
  "source_prefix": "ap40",
  "benchmark_version": "unified_hlrp_v2",
  "modeling_choices": {
    "single_allocation": true,
    "use_hub_capacity": true,
    "use_hub_fixed_cost": true,
    "use_vehicle_capacity": false,
    "use_karimi_covering_timebound": false,
    "local_tours": "closed tours starting and ending at the same hub",
    "route_cardinality_bound_q": 5,
    "candidate_hubs": "all nodes",
    "assignment_cost_mode": "normalized_throughput_distance",
    "objective_terms": [
      "hub_fixed_cost",
      "local_route_cost",
      "assignment_cost",
      "inter_hub_flow_cost",
      "vehicle_fixed_cost"
    ]
  },
  "parameters": {
    "alpha": 0.75,
    "cap_type": "L",
    "cost_type": "L",
    "q": 5,
    "vehicle_fixed_cost": 0.0,
    "keep_diag_flow": false,
    "assignment_weight": 1.0,
    "throughput_normalization_mean": 187.7158715,
    "ap_meta_collect": 3.0,
    "ap_meta_transfer": 0.75,
    "ap_meta_distribute": 2.0,
    "ap_meta_p": 3,
    "source_parameter_rule": "orlib_original",
    "source_parameter_note": null
  },
  "summary": {
    "n_nodes": 40,
    "n_candidate_hubs": 40,
    "total_flow": 3754.31743,
    "total_outbound": 3754.31743,
    "total_inbound": 3754.3174300000005,
    "avg_nonzero_distance": 20768.362279784986,
    "avg_nonzero_flow": 2.4066137371794873,
    "avg_throughput": 187.7158715,
    "min_hub_fixed_cost": 20055.487137,
    "max_hub_fixed_cost": 33532.032621,
    "min_hub_capacity": 335.877248,
    "max_hub_capacity": 3661.205608
  },
  "nodes": [
    {
      "id": 0,
      "x": 7205.289932,
      "y": 7026.341011
    },
    {
      "id": 1,
      "x": 15537.363271,
      "y": 25168.833798
    },
    {
      "id": 2,
      "x": 22828.809185,
      "y": 21365.280809
    },
    {
      "id": 3,
      "x": 24497.0,
      "y": 4616.420841
    },
    {
      "id": 4,
      "x": 28800.639559,
      "y": 21073.054147
    },
    {
      "id": 5,
      "x": 36049.817346,
      "y": 22340.520195
    },
    {
      "id": 6,
      "x": 44214.74057,
      "y": 22113.96463
    },
    {
      "id": 7,
      "x": 57381.825996,
      "y": 12161.439356
    },
    {
      "id": 8,
      "x": 14489.878283,
      "y": 34680.217103
    },
    {
      "id": 9,
      "x": 21982.447281,
      "y": 33787.972377
    },
    {
      "id": 10,
      "x": 25546.724342,
      "y": 32441.763596
    },
    {
      "id": 11,
      "x": 28010.437791,
      "y": 28332.198687
    },
    {
      "id": 12,
      "x": 31667.975072,
      "y": 31234.012739
    },
    {
      "id": 13,
      "x": 35325.576894,
      "y": 31561.327231
    },
    {
      "id": 14,
      "x": 39010.270108,
      "y": 32965.912554
    },
    {
      "id": 15,
      "x": 46538.466332,
      "y": 32770.833242
    },
    {
      "id": 16,
      "x": 15642.408745,
      "y": 38977.855903
    },
    {
      "id": 17,
      "x": 21748.59601,
      "y": 39878.026962
    },
    {
      "id": 18,
      "x": 27669.198417,
      "y": 38378.596465
    },
    {
      "id": 19,
      "x": 31878.072362,
      "y": 37932.542276
    },
    {
      "id": 20,
      "x": 34261.82181,
      "y": 39477.373517
    },
    {
      "id": 21,
      "x": 37838.336504,
      "y": 37735.478198
    },
    {
      "id": 22,
      "x": 41800.612927,
      "y": 38697.296824
    },
    {
      "id": 23,
      "x": 49314.935585,
      "y": 37871.663884
    },
    {
      "id": 24,
      "x": 17135.745943,
      "y": 46454.978833
    },
    {
      "id": 25,
      "x": 23585.263526,
      "y": 44119.105126
    },
    {
      "id": 26,
      "x": 25526.213253,
      "y": 47274.613334
    },
    {
      "id": 27,
      "x": 30190.418409,
      "y": 47481.002814
    },
    {
      "id": 28,
      "x": 31036.094409,
      "y": 46460.20131
    },
    {
      "id": 29,
      "x": 33143.709834,
      "y": 45669.810004
    },
    {
      "id": 30,
      "x": 37541.49063,
      "y": 43224.185982
    },
    {
      "id": 31,
      "x": 47002.061353,
      "y": 42755.991101
    },
    {
      "id": 32,
      "x": 5679.073157,
      "y": 53699.134183
    },
    {
      "id": 33,
      "x": 16606.428992,
      "y": 51845.244252
    },
    {
      "id": 34,
      "x": 21080.519676,
      "y": 52770.808291
    },
    {
      "id": 35,
      "x": 27605.601198,
      "y": 50730.436412
    },
    {
      "id": 36,
      "x": 31389.798147,
      "y": 48627.168057
    },
    {
      "id": 37,
      "x": 31983.149669,
      "y": 51902.731125
    },
    {
      "id": 38,
      "x": 34646.969976,
      "y": 49621.167524
    },
    {
      "id": 39,
      "x": 37794.98457,
      "y": 49497.465641
    }
  ],
  "hub_fixed_cost": [
    20055.487137,
    25686.586993,
    32875.887664,
    30827.588253,
    31469.841602,
    21447.450834,
    28813.373069,
    24441.506238,
    25497.435727,
    26028.578261,
    25424.193973,
    32001.947517,
    30807.071708,
    20753.077965,
    25441.263342,
    22671.230078,
    23585.645535,
    29430.923301,
    22064.608555,
    27293.217397,
    25355.033933,
    20860.346579,
    30763.814075,
    22009.121418,
    23013.286843,
    32862.294096,
    33385.304375,
    33532.032621,
    31839.247163,
    33061.816542,
    28159.614328,
    30964.587541,
    21231.265674,
    27053.441413,
    22456.053219,
    28914.74639,
    32275.039094,
    26429.095776,
    30975.546125,
    27440.075577
  ],
  "hub_capacity": [
    1275.242158,
    350.787926,
    2120.193901,
    2307.024136,
    3619.586625,
    2510.396941,
    3284.218391,
    2259.84218,
    2811.76287,
    3094.387548,
    1411.765237,
    1773.484175,
    1352.680313,
    2383.011978,
    2690.504122,
    1484.413028,
    3262.394085,
    1951.576613,
    2873.376768,
    1677.335077,
    3013.022291,
    1162.23643,
    2762.145224,
    335.877248,
    1128.619409,
    1802.506395,
    965.98368,
    411.81795,
    3420.631302,
    3661.205608,
    763.351373,
    1023.670254,
    339.790327,
    2549.70862,
    2996.857736,
    3625.540298,
    1387.902355,
    2608.872921,
    2213.179271,
    527.462018
  ],
  "outbound_flow": [
    27.812710000000003,
    42.769220000000004,
    171.83359000000002,
    68.33568,
    75.25715,
    40.891619999999996,
    63.45242,
    54.285920000000004,
    56.920550000000006,
    49.83789,
    87.69097,
    147.9334,
    96.113,
    34.2113,
    53.028200000000005,
    34.89436,
    36.50901,
    95.93084999999999,
    36.15124,
    84.95301,
    37.014089999999996,
    29.24342,
    62.2202,
    38.632180000000005,
    48.7808,
    147.63761,
    245.28489,
    571.4342,
    181.65862,
    320.51661,
    58.80585,
    70.24044,
    31.49693,
    68.86733,
    35.51218,
    63.35878000000001,
    139.10539,
    59.68778,
    112.91573,
    73.09231
  ],
  "inbound_flow": [
    35.56496,
    94.99982999999997,
    98.53581000000001,
    114.53028999999998,
    130.41430999999997,
    50.46883,
    94.63423,
    61.02909999999999,
    81.84071999999999,
    88.38976000000001,
    46.41308000000001,
    115.77624000000002,
    84.66626000000001,
    35.54342,
    84.83032,
    69.00738999999999,
    78.22379000000001,
    66.01675999999999,
    64.40508999999999,
    69.72527000000001,
    79.92778000000003,
    43.653690000000005,
    103.06336000000002,
    61.23062999999999,
    62.01367,
    118.98253000000003,
    181.57518000000002,
    512.09653,
    57.60579,
    74.47511,
    100.92361000000002,
    124.44558000000002,
    48.70429999999999,
    84.04369999999999,
    68.02507,
    96.03588,
    121.12843,
    80.62687999999999,
    88.48338,
    82.26087000000001
  ],
  "node_throughput": [
    63.37767,
    137.76905,
    270.36940000000004,
    182.86596999999998,
    205.67145999999997,
    91.36044999999999,
    158.08665,
    115.31502,
    138.76127,
    138.22765,
    134.10405,
    263.70964000000004,
    180.77926000000002,
    69.75471999999999,
    137.85852,
    103.90174999999999,
    114.73280000000001,
    161.94761,
    100.55632999999999,
    154.67828000000003,
    116.94187000000002,
    72.89711,
    165.28356000000002,
    99.86281,
    110.79446999999999,
    266.62014,
    426.86007,
    1083.53073,
    239.26441,
    394.99172,
    159.72946000000002,
    194.68602000000004,
    80.20122999999998,
    152.91102999999998,
    103.53725,
    159.39466000000002,
    260.23382,
    140.31465999999998,
    201.39911,
    155.35318
  ],
  "node_throughput_normalized": [
    0.3376255267791781,
    0.73392329001866,
    1.4403118811400029,
    0.9741636044877536,
    1.0956530119510963,
    0.48669539378826576,
    0.8421592097501462,
    0.6143061802848142,
    0.7392090444520564,
    0.7363663439614908,
    0.7143991018362025,
    1.404834007336455,
    0.9630472828718696,
    0.3715973478566515,
    0.7343999146071141,
    0.5535054077726187,
    0.6112045778718291,
    0.8627273160543594,
    0.5356836861820712,
    0.824002140916465,
    0.6229727356858049,
    0.3883374880210915,
    0.8804985890604355,
    0.5319891664035452,
    0.5902243060997642,
    1.4203388230813503,
    2.2739689861546952,
    5.772184958798223,
    1.2746093768634796,
    2.1041999104481692,
    0.8509107872639317,
    1.0371313754362004,
    0.4272479964487179,
    0.8145876466284844,
    0.5515636433544726,
    0.849127240687264,
    1.3863176188594153,
    0.7474842637373899,
    1.072893348818403,
    0.827597468230064
  ],
  "distance_matrix": [
    [
      0.0,
      19964.30541373332,
      21206.120540530977,
      17458.83593775786,
      25761.779353092905,
      32657.78384729522,
      39966.68391291884,
      50438.61622204474,
      28597.239208623167,
      30570.398961851635,
      31342.49386041992,
      29779.082402666816,
      34415.611788102615,
      37319.1115601754,
      41041.66341451292,
      47009.33573180477,
      33046.6984396078,
      35926.88438344638,
      37439.75791234938,
      39546.6745690558,
      42250.74470314931,
      43375.50747890227,
      46902.94036878045,
      52198.2394354526,
      40659.94880819276,
      40548.44860942486,
      44221.93637009046,
      46528.44068630823,
      46075.33591957905,
      46541.58702521244,
      47228.900615342354,
      53482.622515067065,
      46697.74041771809,
      45794.27369608101,
      47802.49247873768,
      48230.90974229488,
      48119.84256533482,
      51262.39091976068,
      50669.17257376358,
      52340.47998808455
    ],
    [
      19964.30541373332,
      0.0,
      8223.879793438016,
      22420.45424764421,
      13881.279078001737,
      20706.52385157632,
      28839.628887743987,
      43819.53184270328,
      9568.889025102031,
      10762.372310042234,
      12372.664098579846,
      12867.96275260506,
      17233.19566014703,
      20795.12853243352,
      24734.020953046587,
      31919.567455485983,
      13809.421640604163,
      15966.833614523886,
      17935.41897275299,
      20734.77821699714,
      23565.64568325957,
      25597.92879541299,
      29542.8095200716,
      36087.20387646133,
      21346.072182422813,
      20588.38220743068,
      24257.83611242227,
      26693.53687834976,
      26335.014665252416,
      27023.572389590536,
      28463.614726864293,
      36046.294225507845,
      30185.49194613401,
      26697.823436117364,
      28153.07405670853,
      28267.25835412294,
      28312.42020217972,
      31387.34070511899,
      31033.750870100408,
      32973.99025356094
    ],
    [
      21206.120540530977,
      8223.879793438016,
      0.0,
      16831.731070300622,
      5978.976035895499,
      13256.928326472706,
      21399.032423634377,
      35757.819679521985,
      15710.674622740076,
      12451.48964044868,
      11405.066143225898,
      8682.58139779372,
      13248.498914371625,
      16128.501660485515,
      19910.156566076465,
      26310.349072754638,
      19022.280429165727,
      18544.23443091841,
      17688.47866629452,
      18877.587678582004,
      21418.72264974259,
      22209.66620403444,
      25696.85032001357,
      31208.58173476365,
      25727.49338767617,
      22766.39506419315,
      26049.366606447187,
      27133.452161664263,
      26402.927218389985,
      26402.78990541242,
      26349.09354540026,
      32278.60912700532,
      36600.43059639343,
      31108.619171426668,
      31454.15191401505,
      29751.13620559496,
      28574.482118319327,
      31880.053662112456,
      30627.83143699278,
      31865.439414456392
    ],
    [
      17458.83593775786,
      22420.45424764421,
      16831.731070300622,
      0.0,
      17010.058589609213,
      21156.82600345576,
      26361.96752584671,
      33739.28104122686,
      31685.55397561953,
      29279.72667895201,
      27845.136390892727,
      23974.619161772964,
      27566.62986169548,
      29039.388043055133,
      31848.52727542079,
      35756.07886374389,
      35483.96829292301,
      35368.55369851576,
      33910.873560889544,
      34123.95312218012,
      36202.73147787834,
      35705.22678725369,
      38221.99796054712,
      41495.073400949776,
      42481.20756454136,
      39513.20449063083,
      42670.60658919665,
      43241.03838831784,
      42351.64364729757,
      41954.098163613504,
      40751.91118191603,
      44284.36073965357,
      52566.40676022516,
      47883.43003189842,
      48275.4323490634,
      46218.6740775916,
      44547.23938479172,
      47875.22926463531,
      46135.1180177823,
      46809.66327547727
    ],
    [
      25761.779353092905,
      13881.279078001737,
      5978.976035895499,
      17010.058589609213,
      0.0,
      7359.147285546541,
      15449.207248623814,
      29938.288132919737,
      19747.22188080642,
      14427.643311898348,
      11825.206923145408,
      7302.026998495839,
      10557.778765083574,
      12352.27426469457,
      15674.07531677785,
      21247.78892930685,
      22219.83267435108,
      20083.782531930625,
      17342.48984367294,
      17138.055100532045,
      19197.486373262374,
      18955.6414115958,
      21900.07391554872,
      26514.70592969853,
      27934.06242991473,
      23628.80896050958,
      26405.37012547427,
      26444.49352986013,
      25485.378150268974,
      24977.24280424988,
      23813.339098432887,
      28309.74232087316,
      39988.347445194246,
      33100.24856720254,
      32624.344725700797,
      29681.449417044954,
      27675.49341130289,
      30993.505015858973,
      29140.59636882515,
      29813.51054399901
    ],
    [
      32657.78384729522,
      20706.52385157632,
      13256.928326472706,
      21156.82600345576,
      7359.147285546541,
      0.0,
      8168.065785597408,
      23636.164658644844,
      24841.47926717687,
      18136.56698509491,
      14572.236647025737,
      10026.556476719585,
      9914.370950514063,
      9249.20572954566,
      11030.10622517884,
      14791.997424619072,
      26329.892997672072,
      22629.38521709842,
      18095.708443590996,
      16140.464949496369,
      17229.87724322197,
      15498.500982116517,
      17338.275332496298,
      20424.979465914155,
      30647.172992652933,
      25093.263309670525,
      27063.910356238863,
      25814.26780327417,
      24635.268108512384,
      23509.59854747873,
      20936.87144463837,
      23167.71678656746,
      43654.836774887466,
      35335.16792607865,
      33912.863434670726,
      29619.117629707063,
      26696.509786034538,
      29840.61160675109,
      27316.69268840557,
      27212.96188577686
    ],
    [
      39966.68391291884,
      28839.628887743987,
      21399.032423634377,
      26361.96752584671,
      15449.207248623814,
      8168.065785597408,
      0.0,
      16505.29908681422,
      32271.940431221265,
      25110.900457075026,
      21334.438388928407,
      17356.43579025204,
      15511.17667916518,
      12971.888489094075,
      12035.418004167472,
      10907.27051238821,
      33177.83860931079,
      28640.69765082546,
      23201.14682218953,
      20060.428241112128,
      20013.70930188381,
      16872.76548074172,
      16758.12993544487,
      16562.520187777674,
      36410.94509127362,
      30162.9164928994,
      31341.97339805444,
      28985.655733552583,
      27684.218520944694,
      26027.7846318363,
      22139.866989034665,
      20829.36422401818,
      49825.902888528864,
      40572.994172842125,
      38406.1744987363,
      33087.24781435475,
      29452.149397195957,
      32202.21149646497,
      29123.674994600064,
      28125.95588987109
    ],
    [
      50438.61622204474,
      43819.53184270328,
      35757.819679521985,
      33739.28104122686,
      29938.288132919737,
      23636.164658644844,
      16505.29908681422,
      0.0,
      48443.93181641545,
      41482.80299011144,
      37746.0626900349,
      33528.67284027115,
      32015.077460340708,
      29374.03230767012,
      27755.00262641328,
      23287.88451429533,
      49611.48202659634,
      45143.50792479736,
      39625.49134744376,
      36257.29161337069,
      35786.79718344105,
      32186.63455871146,
      30772.161644310712,
      26946.06402024712,
      52875.26651935706,
      46513.43930796391,
      47410.07329715152,
      44574.03066165376,
      43249.30802257311,
      41355.73936669919,
      36858.28448783835,
      32307.369291255443,
      66321.60087536869,
      56898.48303652396,
      54469.30957738876,
      48725.67184890083,
      44780.96561484719,
      47164.21345291891,
      43819.00173064857,
      42161.86921617068
    ],
    [
      28597.239208623167,
      9568.889025102031,
      15710.674622740076,
      31685.55397561953,
      19747.22188080642,
      24841.47926717687,
      32271.940431221265,
      48443.93181641545,
      0.0,
      7545.507990908602,
      11281.157692161938,
      14936.62837521388,
      17520.36911171408,
      21067.83830016956,
      24580.24522534812,
      32105.416095468277,
      4449.497243633642,
      8927.833464541198,
      13688.407106004894,
      17689.740313523547,
      20345.57594405375,
      23547.50775892012,
      27604.58578352248,
      34970.98724147688,
      12068.373107942363,
      13107.960933315104,
      16745.730978176853,
      20257.518976100648,
      20311.21109154921,
      21650.32525535801,
      24584.06467616133,
      33500.151845088214,
      20960.665396505512,
      17295.026566318866,
      19253.728041666844,
      20727.55961154261,
      21911.748728088853,
      24548.51386585821,
      25090.642578514995,
      27616.640514103638
    ],
    [
      30570.398961851635,
      10762.372310042234,
      12451.48964044868,
      29279.72667895201,
      14427.643311898348,
      18136.56698509491,
      25110.900457075026,
      41482.80299011144,
      7545.507990908602,
      0.0,
      3810.0326835359697,
      8130.322019769344,
      10016.594152842892,
      13527.640462235931,
      17047.6547530824,
      24577.07557161803,
      8193.34972104885,
      6094.542744556634,
      7308.41761259735,
      10728.506671080237,
      13533.378150162189,
      16339.890613430567,
      20417.177966070787,
      27635.872579179413,
      13562.579637226714,
      10454.727341862928,
      13944.452716666046,
      15964.644455379834,
      15574.142430602878,
      16301.897042105042,
      18196.86668454897,
      26578.30784955722,
      25734.303415710056,
      18840.558383745647,
      19004.25038622964,
      17851.24498603784,
      17569.859952354822,
      20691.991995735727,
      20275.112913499503,
      22289.560653536377
    ],
    [
      31342.49386041992,
      12372.664098579846,
      11405.066143225898,
      27845.136390892727,
      11825.206923145408,
      14572.236647025737,
      21334.438388928407,
      37746.0626900349,
      11281.157692161938,
      3810.0326835359697,
      0.0,
      4791.493264115859,
      6239.260583763894,
      9818.407479147078,
      13473.74471790782,
      20994.32110373297,
      11866.590499827746,
      8350.077345441467,
      6304.829951195027,
      8380.609659392354,
      11200.568326527617,
      13383.09171411652,
      17416.10146101031,
      24380.55952658786,
      16343.645826648764,
      11840.930442366687,
      14832.863919515295,
      15739.841512674777,
      15054.892217275188,
      15254.356765785313,
      16128.702700894924,
      23805.771890037187,
      29096.380666362693,
      21364.08066154492,
      20813.866587683988,
      18404.198631803283,
      17207.81302364818,
      20497.727390002023,
      19440.84334386031,
      20998.020165259004
    ],
    [
      29779.082402666816,
      12867.96275260506,
      8682.58139779372,
      23974.619161772964,
      7302.026998495839,
      10026.556476719585,
      17356.43579025204,
      33528.67284027115,
      14936.62837521388,
      8130.322019769344,
      4791.493264115859,
      0.0,
      4668.843941950678,
      7996.157280213738,
      11935.979859372486,
      19052.278560029263,
      16318.644552880996,
      13134.565582693123,
      10052.191433919834,
      10350.130153850614,
      12778.6824103377,
      13601.810860138416,
      17251.20835394418,
      23342.72954260759,
      21135.138585048586,
      16395.38295342192,
      19104.618400116804,
      19272.493740797217,
      18378.76701711902,
      18081.57205684317,
      17680.844261919494,
      23848.00941636172,
      33796.02436492924,
      26132.6372268364,
      25402.153539755764,
      22401.89603253808,
      20574.398123516097,
      23902.97971124965,
      22299.411507600325,
      23317.501600826017
    ],
    [
      34415.611788102615,
      17233.19566014703,
      13248.498914371625,
      27566.62986169548,
      10557.778765083574,
      9914.370950514063,
      15511.17667916518,
      32015.077460340708,
      17520.36911171408,
      10016.594152842892,
      6239.260583763894,
      4668.843941950678,
      0.0,
      3672.218112390781,
      7543.790384472995,
      14949.69322669123,
      17798.479796030497,
      13157.243741113498,
      8187.508250646045,
      6701.823545075382,
      8641.819126578732,
      8963.392957808059,
      12584.552404992131,
      18854.00827596352,
      21044.32209153941,
      15210.385654458834,
      17176.207546767724,
      16314.038745495369,
      15239.294326573136,
      14511.031519639002,
      13351.49577415284,
      19180.463692193374,
      34352.652069980846,
      25527.88739403336,
      23998.49525305569,
      19915.155473389423,
      17395.379683055904,
      20671.121274531008,
      18626.91256557581,
      19263.79913963376
    ],
    [
      37319.1115601754,
      20795.12853243352,
      16128.501660485515,
      29039.388043055133,
      12352.27426469457,
      9249.20572954566,
      12971.888489094075,
      29374.03230767012,
      21067.83830016956,
      13527.640462235931,
      9818.407479147078,
      7996.157280213738,
      3672.218112390781,
      0.0,
      3943.326515885372,
      11277.933957044492,
      21034.06774555046,
      15921.743131331974,
      10251.599445545646,
      7244.147199484208,
      7987.199990035948,
      6665.890864764767,
      9635.77467881379,
      15346.7424966881,
      23509.377024236837,
      17191.06580869814,
      18518.501233179904,
      16727.400375851408,
      15504.06749246854,
      14276.198024108196,
      11871.501502807929,
      16175.932383746907,
      36999.96865501341,
      27601.517854852915,
      25549.24151474154,
      20665.25517722753,
      17513.802483861273,
      20614.18279081806,
      18072.585281520285,
      18105.331682489697
    ],
    [
      41041.66341451292,
      24734.020953046587,
      19910.156566076465,
      31848.52727542079,
      15674.07531677785,
      11030.10622517884,
      12035.418004167472,
      27755.00262641328,
      24580.24522534812,
      17047.6547530824,
      13473.74471790782,
      11935.979859372486,
      7543.790384472995,
      3943.326515885372,
      0.0,
      7530.723360011199,
      24128.829385446228,
      18594.15817548203,
      12566.505250896122,
      8691.125098829336,
      8058.96302953748,
      4911.434088391038,
      6374.541450014131,
      11412.822906918009,
      25699.21626284396,
      19034.824207301182,
      19661.09628887578,
      16984.629205499303,
      15674.288089378411,
      13993.0532718414,
      10362.889890305927,
      12637.814892618431,
      39253.47334063045,
      29297.80302538194,
      26715.348504319478,
      21110.300349549078,
      17416.84577754063,
      20198.6019133796,
      17217.314138901595,
      16576.162595943948
    ],
    [
      47009.33573180477,
      31919.567455485983,
      26310.349072754638,
      35756.07886374389,
      21247.78892930685,
      14791.997424619072,
      10907.27051238821,
      23287.88451429533,
      32105.416095468277,
      24577.07557161803,
      20994.32110373297,
      19052.278560029263,
      14949.69322669123,
      11277.933957044492,
      7530.723360011199,
      0.0,
      31513.38611976485,
      25788.560897327792,
      19684.92519704558,
      15542.534912532436,
      13989.055835893634,
      10016.983506185465,
      7587.504561846559,
      5807.5170900498,
      32431.09321051945,
      25605.32744970373,
      25531.831434760818,
      21991.99308224926,
      20681.44901452016,
      18595.78186437261,
      13791.959805961009,
      9995.914055885309,
      45907.33918347151,
      35493.09812768623,
      32374.466017223574,
      26095.990653855377,
      21929.557714295388,
      24039.275358582367,
      20623.807868575237,
      18874.02195436106
    ],
    [
      33046.6984396078,
      13809.421640604163,
      19022.280429165727,
      35483.96829292301,
      22219.83267435108,
      26329.892997672072,
      33177.83860931079,
      49611.48202659634,
      4449.497243633642,
      8193.34972104885,
      11866.590499827746,
      16318.644552880996,
      17798.479796030497,
      21034.06774555046,
      24128.829385446228,
      31513.38611976485,
      0.0,
      6172.182016978223,
      12041.710081568894,
      16269.279445112785,
      18626.11233542279,
      22230.670512708963,
      26159.708702965552,
      33690.69195747424,
      7624.790049389048,
      9461.574163164005,
      12904.486639197035,
      16850.759406444748,
      17115.812896608008,
      18737.069928292505,
      22306.974392457512,
      31586.42298945557,
      17775.941331932525,
      12903.44984725429,
      14826.280250807906,
      16770.245146927424,
      18468.608448487776,
      20834.39976216156,
      21781.951929166997,
      24523.43378734305
    ],
    [
      35926.88438344638,
      15966.833614523886,
      18544.23443091841,
      35368.55369851576,
      20083.782531930625,
      22629.38521709842,
      28640.69765082546,
      45143.50792479736,
      8927.833464541198,
      6094.542744556634,
      8350.077345441467,
      13134.565582693123,
      13157.243741113498,
      15921.743131331974,
      18594.15817548203,
      25788.560897327792,
      6172.182016978223,
      0.0,
      6107.521975163728,
      10314.611084727709,
      12519.638297681608,
      16231.76713640204,
      20086.749515499905,
      27639.257775218437,
      8033.348097404485,
      4621.697908505834,
      8305.412812923088,
      11360.880565447082,
      11383.437339349512,
      12782.541604372527,
      16143.490968980415,
      25416.92722213824,
      21195.57900925256,
      13025.212908320607,
      12910.07886828976,
      12332.043652319278,
      13019.226111666974,
      15790.490771556772,
      16164.678746503938,
      18708.8264281205
    ],
    [
      37439.75791234938,
      17935.41897275299,
      17688.47866629452,
      33910.873560889544,
      17342.48984367294,
      18095.708443590996,
      23201.14682218953,
      39625.49134744376,
      13688.407106004894,
      7308.41761259735,
      6304.829951195027,
      10052.191433919834,
      8187.508250646045,
      10251.599445545646,
      12566.505250896122,
      19684.92519704558,
      12041.710081568894,
      6107.521975163728,
      0.0,
      4232.444237603646,
      6683.561491595081,
      10189.453888105243,
      14135.00781649113,
      21651.672410874315,
      13273.340693893077,
      7044.995662237358,
      9150.491874574647,
      9445.123164383614,
      8754.902940162903,
      9117.678987887226,
      10997.358378543491,
      19822.239356375558,
      26800.82992967104,
      17428.008204319467,
      15828.659096605736,
      12352.003670764088,
      10903.030864270058,
      14195.506109556136,
      13231.957525107671,
      15038.643455088944
    ],
    [
      39546.6745690558,
      20734.77821699714,
      18877.587678582004,
      34123.95312218012,
      17138.055100532045,
      16140.464949496369,
      20060.428241112128,
      36257.29161337069,
      17689.740313523547,
      10728.506671080237,
      8380.609659392354,
      10350.130153850614,
      6701.823545075382,
      7244.147199484208,
      8691.125098829336,
      15542.534912532436,
      16269.279445112785,
      10314.611084727709,
      4232.444237603646,
      0.0,
      2840.5571626020687,
      5963.521014740284,
      9951.967683968696,
      17436.96949691151,
      17028.45010893344,
      10346.21855014864,
      11296.920190623085,
      9696.45680188489,
      8569.124545337161,
      7840.098858131881,
      7750.857990543084,
      15874.52996366453,
      30577.327870588502,
      20658.80847225849,
      18351.0567090522,
      13492.22384054885,
      10705.766310949615,
      13970.584014892514,
      12012.108648567822,
      12990.662127678575
    ],
    [
      42250.74470314931,
      23565.64568325957,
      21418.72264974259,
      36202.73147787834,
      19197.486373262374,
      17229.87724322197,
      20013.70930188381,
      35786.79718344105,
      20345.57594405375,
      13533.378150162189,
      11200.568326527617,
      12778.6824103377,
      8641.819126578732,
      7987.199990035948,
      8058.96302953748,
      13989.055835893634,
      18626.11233542279,
      12519.638297681608,
      6683.561491595081,
      2840.5571626020687,
      0.0,
      3978.147390275029,
      7579.042891600491,
      15138.51174153535,
      18492.95678219444,
      11641.931503047028,
      11709.304233170382,
      8979.666339985639,
      7691.89191631392,
      6292.570542822981,
      4979.440853826821,
      13155.34252215178,
      31925.41302789297,
      21556.37080019629,
      18720.633911232424,
      13074.276169426725,
      9589.95620662815,
      12632.571330210369,
      10151.103189615513,
      10624.758127228011
    ],
    [
      43375.50747890227,
      25597.92879541299,
      22209.66620403444,
      35705.22678725369,
      18955.6414115958,
      15498.500982116517,
      16872.76548074172,
      32186.63455871146,
      23547.50775892012,
      16339.890613430567,
      13383.09171411652,
      13601.810860138416,
      8963.392957808059,
      6665.890864764767,
      4911.434088391038,
      10016.983506185465,
      22230.670512708963,
      16231.76713640204,
      10189.453888105243,
      5963.521014740284,
      3978.147390275029,
      0.0,
      4077.343439248432,
      11477.407068109129,
      22463.90320625896,
      15617.323140413038,
      15575.091591726983,
      12388.135502523792,
      11063.059744033606,
      9219.172456266264,
      5496.7290829231415,
      10448.894817987668,
      35903.43342118026,
      25492.732193641637,
      22514.119477480603,
      16540.187750635272,
      12657.509823276609,
      15329.522770469648,
      12306.68237463814,
      11762.067335271948
    ],
    [
      46902.94036878045,
      29542.8095200716,
      25696.85032001357,
      38221.99796054712,
      21900.07391554872,
      17338.275332496298,
      16758.12993544487,
      30772.161644310712,
      27604.58578352248,
      20417.177966070787,
      17416.10146101031,
      17251.20835394418,
      12584.552404992131,
      9635.77467881379,
      6374.541450014131,
      7587.504561846559,
      26159.708702965552,
      20086.749515499905,
      14135.00781649113,
      9951.967683968696,
      7579.042891600491,
      4077.343439248432,
      0.0,
      7559.544613278314,
      25856.088132027544,
      19005.12980918961,
      18396.37038281764,
      14558.506367912856,
      13271.682070601444,
      11115.660628449696,
      6215.532816229078,
      6597.580235396186,
      39112.9231776606,
      28418.5753640126,
      25047.6743300035,
      18608.997993732508,
      14387.056929317669,
      16454.971282266262,
      13057.777702990294,
      11519.058338688186
    ],
    [
      52198.2394354526,
      36087.20387646133,
      31208.58173476365,
      41495.073400949776,
      26514.70592969853,
      20424.979465914155,
      16562.520187777674,
      26946.06402024712,
      34970.98724147688,
      27635.872579179413,
      24380.55952658786,
      23342.72954260759,
      18854.00827596352,
      15346.7424966881,
      11412.822906918009,
      5807.5170900498,
      33690.69195747424,
      27639.257775218437,
      21651.672410874315,
      17436.96949691151,
      15138.51174153535,
      11477.407068109129,
      7559.544613278314,
      0.0,
      33304.257108206555,
      26477.283590578696,
      25579.65536414145,
      21402.95661554105,
      20196.01470229301,
      17953.26224391201,
      12933.039044168749,
      5404.261242369445,
      46417.64002942275,
      35568.347611960824,
      31924.391079283432,
      25231.79007627933,
      20904.33979312931,
      22299.36436223058,
      18793.61729133537,
      16366.689887728178
    ],
    [
      40659.94880819276,
      21346.072182422813,
      25727.49338767617,
      42481.20756454136,
      27934.06242991473,
      30647.172992652933,
      36410.94509127362,
      52875.26651935706,
      12068.373107942363,
      13562.579637226714,
      16343.645826648764,
      21135.138585048586,
      21044.32209153941,
      23509.377024236837,
      25699.21626284396,
      32431.09321051945,
      7624.790049389048,
      8033.348097404485,
      13273.340693893077,
      17028.45010893344,
      18492.95678219444,
      22463.90320625896,
      25856.088132027544,
      33304.257108206555,
      0.0,
      6859.488539860683,
      8430.405826258197,
      13094.93025579463,
      13900.349447064076,
      16027.208054604927,
      20659.923491559726,
      30094.5062496644,
      13554.819735444906,
      5416.192179186696,
      7446.538897172788,
      11309.173558243752,
      14418.613326503317,
      15815.29014712755,
      17795.159958846478,
      20882.07045827072
    ],
    [
      40548.44860942486,
      20588.38220743068,
      22766.39506419315,
      39513.20449063083,
      23628.80896050958,
      25093.263309670525,
      30162.9164928994,
      46513.43930796391,
      13107.960933315104,
      10454.727341862928,
      11840.930442366687,
      16395.38295342192,
      15210.385654458834,
      17191.06580869814,
      19034.824207301182,
      25605.32744970373,
      9461.574163164005,
      4621.697908505834,
      7044.995662237358,
      10346.21855014864,
      11641.931503047028,
      15617.323140413038,
      19005.12980918961,
      26477.283590578696,
      6859.488539860683,
      0.0,
      3704.6616435913215,
      7411.50639836454,
      7809.968770091589,
      9683.417859494231,
      13984.890248147176,
      23456.43835529477,
      20307.846027184485,
      10411.405152392204,
      9006.981148497192,
      7737.752669227985,
      9012.95689772474,
      11450.298046911272,
      12354.514972974745,
      15193.516182161638
    ],
    [
      44221.93637009046,
      24257.83611242227,
      26049.366606447187,
      42670.60658919665,
      26405.37012547427,
      27063.910356238863,
      31341.97339805444,
      47410.07329715152,
      16745.730978176853,
      13944.452716666046,
      14832.863919515295,
      19104.618400116804,
      17176.207546767724,
      18518.501233179904,
      19661.09628887578,
      25531.831434760818,
      12904.486639197035,
      8305.412812923088,
      9150.491874574647,
      11296.920190623085,
      11709.304233170382,
      15575.091591726983,
      18396.37038281764,
      25579.65536414145,
      8430.405826258197,
      3704.6616435913215,
      0.0,
      4668.769254815626,
      5569.7448144488335,
      7784.706024605282,
      12679.623503088636,
      21946.07022906004,
      20861.050743658303,
      10022.635294739644,
      7069.112418538221,
      4033.183280269906,
      6017.5603102797895,
      7944.274804388226,
      9417.776795335309,
      12468.513223619611
    ],
    [
      46528.44068630823,
      26693.53687834976,
      27133.452161664263,
      43241.03838831784,
      26444.49352986013,
      25814.26780327417,
      28985.655733552583,
      44574.03066165376,
      20257.518976100648,
      15964.644455379834,
      15739.841512674777,
      19272.493740797217,
      16314.038745495369,
      16727.400375851408,
      16984.629205499303,
      21991.99308224926,
      16850.759406444748,
      11360.880565447082,
      9445.123164383614,
      9696.45680188489,
      8979.666339985639,
      12388.135502523792,
      14558.506367912856,
      21402.95661554105,
      13094.93025579463,
      7411.50639836454,
      4668.769254815626,
      0.0,
      1325.5955671111255,
      3464.44073927874,
      8494.630794775976,
      17463.020190234336,
      25287.76786877175,
      14267.843979043377,
      10534.3389403424,
      4152.119786578065,
      1658.9775526468718,
      4771.327553928789,
      4943.799839724452,
      7867.372422206738
    ],
    [
      46075.33591957905,
      26335.014665252416,
      26402.927218389985,
      42351.64364729757,
      25485.378150268974,
      24635.268108512384,
      27684.218520944694,
      43249.30802257311,
      20311.21109154921,
      15574.142430602878,
      15054.892217275188,
      18378.76701711902,
      15239.294326573136,
      15504.06749246854,
      15674.288089378411,
      20681.44901452016,
      17115.812896608008,
      11383.437339349512,
      8754.902940162903,
      8569.124545337161,
      7691.89191631392,
      11063.059744033606,
      13271.682070601444,
      20196.01470229301,
      13900.349447064076,
      7809.968770091589,
      5569.7448144488335,
      1325.5955671111255,
      0.0,
      2250.946733332069,
      7265.808640148182,
      16390.035806225696,
      26370.071594786765,
      15401.750924286169,
      11787.163727249826,
      5477.516909793168,
      2195.643690783857,
      5524.313935020132,
      4798.971740530159,
      7409.964293087215
    ],
    [
      46541.58702521244,
      27023.572389590536,
      26402.78990541242,
      41954.098163613504,
      24977.24280424988,
      23509.59854747873,
      26027.7846318363,
      41355.73936669919,
      21650.32525535801,
      16301.897042105042,
      15254.356765785313,
      18081.57205684317,
      14511.031519639002,
      14276.198024108196,
      13993.0532718414,
      18595.78186437261,
      18737.069928292505,
      12782.541604372527,
      9117.678987887226,
      7840.098858131881,
      6292.570542822981,
      9219.172456266264,
      11115.660628449696,
      17953.26224391201,
      16027.208054604927,
      9683.417859494231,
      7784.706024605282,
      3464.44073927874,
      2250.946733332069,
      0.0,
      5032.052542119352,
      14161.364603160588,
      28614.26767490456,
      17652.695142627697,
      13998.026055842483,
      7502.038849905059,
      3438.338677245038,
      6340.0477598510815,
      4227.649146438998,
      6023.728442186763
    ],
    [
      47228.900615342354,
      28463.614726864293,
      26349.09354540026,
      40751.91118191603,
      23813.339098432887,
      20936.87144463837,
