{
  "instance_name": "ap10_TT_q4_a030",
  "source_prefix": "ap10",
  "benchmark_version": "unified_hlrp_v2",
  "modeling_choices": {
    "single_allocation": true,
    "use_hub_capacity": true,
    "use_hub_fixed_cost": true,
    "use_vehicle_capacity": false,
    "use_karimi_covering_timebound": false,
    "local_tours": "closed tours starting and ending at the same hub",
    "route_cardinality_bound_q": 4,
    "candidate_hubs": "all nodes",
    "assignment_cost_mode": "normalized_throughput_distance",
    "objective_terms": [
      "hub_fixed_cost",
      "local_route_cost",
      "assignment_cost",
      "inter_hub_flow_cost",
      "vehicle_fixed_cost"
    ]
  },
  "parameters": {
    "alpha": 0.3,
    "cap_type": "T",
    "cost_type": "T",
    "q": 4,
    "vehicle_fixed_cost": 0.0,
    "keep_diag_flow": false,
    "assignment_weight": 1.0,
    "throughput_normalization_mean": 651.8824539999999,
    "ap_meta_collect": 3.0,
    "ap_meta_transfer": 0.75,
    "ap_meta_distribute": 2.0,
    "ap_meta_p": 4,
    "alpha_tag": "a030",
    "small_certified_grid": "ap10/ap15 x LL/TT x q=3/4/5 x alpha=0.2,...,0.9"
  },
  "summary": {
    "n_nodes": 10,
    "n_candidate_hubs": 10,
    "total_flow": 3259.41227,
    "total_outbound": 3259.4122700000003,
    "total_inbound": 3259.41227,
    "avg_nonzero_distance": 18962.153361375385,
    "avg_nonzero_flow": 36.215691888888884,
    "avg_throughput": 651.8824539999999,
    "min_hub_fixed_cost": 23791.913545,
    "max_hub_fixed_cost": 111090.410478,
    "min_hub_capacity": 310.174103,
    "max_hub_capacity": 2878.31801
  },
  "nodes": [
    {
      "id": 0,
      "x": 20355.966023,
      "y": 16167.127237
    },
    {
      "id": 1,
      "x": 39988.59202,
      "y": 19773.197847
    },
    {
      "id": 2,
      "x": 23572.548971,
      "y": 31529.184022
    },
    {
      "id": 3,
      "x": 37304.36959,
      "y": 32079.249435
    },
    {
      "id": 4,
      "x": 24512.513179,
      "y": 38835.826089
    },
    {
      "id": 5,
      "x": 40867.253869,
      "y": 38565.884488
    },
    {
      "id": 6,
      "x": 27520.840478,
      "y": 46921.515986
    },
    {
      "id": 7,
      "x": 36067.877874,
      "y": 44894.490748
    },
    {
      "id": 8,
      "x": 19345.710923,
      "y": 51972.04094
    },
    {
      "id": 9,
      "x": 33635.749233,
      "y": 49663.479404
    }
  ],
  "hub_fixed_cost": [
    37699.040896,
    32818.718895,
    39141.290607,
    23791.913545,
    26507.777998,
    25424.640448,
    111090.410478,
    48697.16862,
    26511.988282,
    42691.258362
  ],
  "hub_capacity": [
    1529.98184,
    1153.366193,
    643.642586,
    2000.51057,
    2784.169344,
    2137.065519,
    310.174103,
    1345.544803,
    2339.293587,
    2878.31801
  ],
  "outbound_flow": [
    257.5779,
    206.47997999999998,
    306.4777199999999,
    201.89907,
    238.02589,
    156.06835,
    805.04424,
    561.30645,
    183.08652999999998,
    343.44614
  ],
  "inbound_flow": [
    290.45759,
    309.13934,
    296.51471,
    257.6996,
    262.85269000000005,
    276.83392,
    666.5746499999999,
    287.53502,
    280.66026,
    331.14449
  ],
  "node_throughput": [
    548.03549,
    515.61932,
    602.9924299999999,
    459.59866999999997,
    500.87858000000006,
    432.90227,
    1471.6188899999997,
    848.8414700000001,
    463.74679,
    674.59063
  ],
  "node_throughput_normalized": [
    0.8406967953151874,
    0.7909697781189245,
    0.925001779538616,
    0.705033042659559,
    0.7683572044723267,
    0.6640802607029519,
    2.2574911795371007,
    1.3021388515543635,
    0.711396337107119,
    1.0348347709938517
  ],
  "distance_matrix": [
    [
      0.0,
      19961.055803298223,
      15695.196543112448,
      23247.451824102845,
      23046.6221365023,
      30371.32291308188,
      31577.96467919567,
      32743.32891302789,
      35819.16331583351,
      36032.73859423237
    ],
    [
      19961.055803298223,
      0.0,
      20191.326859159413,
      12595.394227265477,
      24553.875697851527,
      18813.216573242014,
      29874.336917986977,
      25425.40769451844,
      38247.79779951408,
      30557.93748002427
    ],
    [
      15695.196543112448,
      20191.326859159413,
      0.0,
      13742.833385840508,
      7366.854892528772,
      18671.421235597198,
      15890.654143685348,
      18296.57531545748,
      20875.261887072,
      20739.35072548664
    ],
    [
      23247.451824102845,
      12595.394227265477,
      13742.833385840508,
      0.0,
      14466.613927281658,
      7400.714742263322,
      17776.67905589469,
      12874.755208319826,
      26799.9361002823,
      17962.848296594624
    ],
    [
      23046.6221365023,
      24553.875697851527,
      7366.854892528772,
      14466.613927281658,
      0.0,
      16356.96828587413,
      8627.19040292704,
      13047.370259353716,
      14115.806252716831,
      14158.796290887016
    ],
    [
      30371.32291308188,
      18813.216573242014,
      18671.421235597198,
      7400.714742263322,
      16356.96828587413,
      0.0,
      15746.216311667822,
      7942.623441627669,
      25355.509097472757,
      13245.80206028002
    ],
    [
      31577.96467919567,
      29874.336917986977,
      15890.654143685348,
      17776.67905589469,
      8627.19040292704,
      15746.216311667822,
      0.0,
      8784.11518390506,
      9609.398813245873,
      6701.527621940086
    ],
    [
      32743.32891302789,
      25425.40769451844,
      18296.57531545748,
      12874.755208319826,
      13047.370259353716,
      7942.623441627669,
      8784.11518390506,
      0.0,
      18158.264902170467,
      5353.363664783963
    ],
    [
      35819.16331583351,
      38247.79779951408,
      20875.261887072,
      26799.9361002823,
      14115.806252716831,
      25355.509097472757,
      9609.398813245873,
      18158.264902170467,
      0.0,
      14475.311784786069
    ],
    [
      36032.73859423237,
      30557.93748002427,
      20739.35072548664,
      17962.848296594624,
      14158.796290887016,
      13245.80206028002,
      6701.527621940086,
      5353.363664783963,
      14475.311784786069,
      0.0
    ]
  ],
  "flow_matrix": [
    [
      0.0,
      36.99225,
      54.50374,
      19.26993,
      20.09353,
      17.65083,
      56.77023,
      17.0805,
      18.83119,
      16.3857
    ],
    [
      25.79368,
      0.0,
      24.9978,
      26.57622,
      18.2892,
      23.16878,
      38.16187,
      20.41213,
      12.48278,
      16.59752
    ],
    [
      66.81259,
      39.3154,
      0.0,
      22.4085,
      24.20284,
      20.51443,
      70.55825,
      20.242,
      22.99969,
      19.42402
    ],
    [
      17.32913,
      33.11961,
      18.76116,
      0.0,
      16.3616,
      22.92953,
      40.16107,
      23.14628,
      11.42045,
      18.67024
    ],
    [
      17.48542,
      25.13702,
      21.18277,
      19.09304,
      0.0,
      18.30631,
      73.40977,
      20.08767,
      23.88958,
      19.43431
    ],
    [
      11.60717,
      18.44195,
      12.16834,
      16.1154,
      11.117,
      0.0,
      37.16685,
      21.82894,
      9.55635,
      18.06635
    ],
    [
      82.3726,
      77.53514,
      90.44923,
      67.79197,
      95.05794,
      72.6356,
      0.0,
      98.82669,
      110.00666,
      110.36841
    ],
    [
      35.14312,
      41.73451,
      36.29946,
      48.41528,
      35.71107,
      57.57814,
      173.37314,
      0.0,
      41.22635,
      91.82538
    ],
    [
      12.19623,
      11.89953,
      15.34527,
      10.23904,
      18.93588,
      11.15861,
      67.87516,
      15.06425,
      0.0,
      20.37256
    ],
    [
      21.71765,
      24.96393,
      22.80694,
      27.79022,
      23.08363,
      32.89169,
      109.09831,
      50.84656,
      30.24721,
      0.0
    ]
  ],
  "distance_edges": [
    {
      "from": 0,
      "to": 0,
      "cost": 0.0
    },
    {
      "from": 0,
      "to": 1,
      "cost": 19961.055803298223
    },
    {
      "from": 0,
      "to": 2,
      "cost": 15695.196543112448
    },
    {
      "from": 0,
      "to": 3,
      "cost": 23247.451824102845
    },
    {
      "from": 0,
      "to": 4,
      "cost": 23046.6221365023
    },
    {
      "from": 0,
      "to": 5,
      "cost": 30371.32291308188
    },
    {
      "from": 0,
      "to": 6,
      "cost": 31577.96467919567
    },
    {
      "from": 0,
      "to": 7,
      "cost": 32743.32891302789
    },
    {
      "from": 0,
      "to": 8,
      "cost": 35819.16331583351
    },
    {
      "from": 0,
      "to": 9,
      "cost": 36032.73859423237
    },
    {
      "from": 1,
      "to": 0,
      "cost": 19961.055803298223
    },
    {
      "from": 1,
      "to": 1,
      "cost": 0.0
    },
    {
      "from": 1,
      "to": 2,
      "cost": 20191.326859159413
    },
    {
      "from": 1,
      "to": 3,
      "cost": 12595.394227265477
    },
    {
      "from": 1,
      "to": 4,
      "cost": 24553.875697851527
    },
    {
      "from": 1,
      "to": 5,
      "cost": 18813.216573242014
    },
    {
      "from": 1,
      "to": 6,
      "cost": 29874.336917986977
    },
    {
      "from": 1,
      "to": 7,
      "cost": 25425.40769451844
    },
    {
      "from": 1,
      "to": 8,
      "cost": 38247.79779951408
    },
    {
      "from": 1,
      "to": 9,
      "cost": 30557.93748002427
    },
    {
      "from": 2,
      "to": 0,
      "cost": 15695.196543112448
    },
    {
      "from": 2,
      "to": 1,
      "cost": 20191.326859159413
    },
    {
      "from": 2,
      "to": 2,
      "cost": 0.0
    },
    {
      "from": 2,
      "to": 3,
      "cost": 13742.833385840508
    },
    {
      "from": 2,
      "to": 4,
      "cost": 7366.854892528772
    },
    {
      "from": 2,
      "to": 5,
      "cost": 18671.421235597198
    },
    {
      "from": 2,
      "to": 6,
      "cost": 15890.654143685348
    },
    {
      "from": 2,
      "to": 7,
      "cost": 18296.57531545748
    },
    {
      "from": 2,
      "to": 8,
      "cost": 20875.261887072
    },
    {
      "from": 2,
      "to": 9,
      "cost": 20739.35072548664
    },
    {
      "from": 3,
      "to": 0,
      "cost": 23247.451824102845
    },
    {
      "from": 3,
      "to": 1,
      "cost": 12595.394227265477
    },
    {
      "from": 3,
      "to": 2,
      "cost": 13742.833385840508
    },
    {
      "from": 3,
      "to": 3,
      "cost": 0.0
    },
    {
      "from": 3,
      "to": 4,
      "cost": 14466.613927281658
    },
    {
      "from": 3,
      "to": 5,
      "cost": 7400.714742263322
    },
    {
      "from": 3,
      "to": 6,
      "cost": 17776.67905589469
    },
    {
      "from": 3,
      "to": 7,
      "cost": 12874.755208319826
    },
    {
      "from": 3,
      "to": 8,
      "cost": 26799.9361002823
    },
    {
      "from": 3,
      "to": 9,
      "cost": 17962.848296594624
    },
    {
      "from": 4,
      "to": 0,
      "cost": 23046.6221365023
    },
    {
      "from": 4,
      "to": 1,
      "cost": 24553.875697851527
    },
    {
      "from": 4,
      "to": 2,
      "cost": 7366.854892528772
    },
    {
      "from": 4,
      "to": 3,
      "cost": 14466.613927281658
    },
    {
      "from": 4,
      "to": 4,
      "cost": 0.0
    },
    {
      "from": 4,
      "to": 5,
      "cost": 16356.96828587413
    },
    {
      "from": 4,
      "to": 6,
      "cost": 8627.19040292704
    },
    {
      "from": 4,
      "to": 7,
      "cost": 13047.370259353716
    },
    {
      "from": 4,
      "to": 8,
      "cost": 14115.806252716831
    },
    {
      "from": 4,
      "to": 9,
      "cost": 14158.796290887016
    },
    {
      "from": 5,
      "to": 0,
      "cost": 30371.32291308188
    },
    {
      "from": 5,
      "to": 1,
      "cost": 18813.216573242014
    },
    {
      "from": 5,
      "to": 2,
      "cost": 18671.421235597198
    },
    {
      "from": 5,
      "to": 3,
      "cost": 7400.714742263322
    },
    {
      "from": 5,
      "to": 4,
      "cost": 16356.96828587413
    },
    {
      "from": 5,
      "to": 5,
      "cost": 0.0
    },
    {
      "from": 5,
      "to": 6,
      "cost": 15746.216311667822
    },
    {
      "from": 5,
      "to": 7,
      "cost": 7942.623441627669
    },
    {
      "from": 5,
      "to": 8,
      "cost": 25355.509097472757
    },
    {
      "from": 5,
      "to": 9,
      "cost": 13245.80206028002
    },
    {
      "from": 6,
      "to": 0,
      "cost": 31577.96467919567
    },
    {
      "from": 6,
      "to": 1,
      "cost": 29874.336917986977
    },
    {
      "from": 6,
      "to": 2,
      "cost": 15890.654143685348
    },
    {
      "from": 6,
      "to": 3,
      "cost": 17776.67905589469
    },
    {
      "from": 6,
      "to": 4,
      "cost": 8627.19040292704
    },
    {
      "from": 6,
      "to": 5,
      "cost": 15746.216311667822
    },
    {
      "from": 6,
      "to": 6,
      "cost": 0.0
    },
    {
      "from": 6,
      "to": 7,
      "cost": 8784.11518390506
    },
    {
      "from": 6,
      "to": 8,
      "cost": 9609.398813245873
    },
    {
      "from": 6,
      "to": 9,
      "cost": 6701.527621940086
    },
    {
      "from": 7,
      "to": 0,
      "cost": 32743.32891302789
    },
    {
      "from": 7,
      "to": 1,
      "cost": 25425.40769451844
    },
    {
      "from": 7,
      "to": 2,
      "cost": 18296.57531545748
    },
    {
      "from": 7,
      "to": 3,
      "cost": 12874.755208319826
    },
    {
      "from": 7,
      "to": 4,
      "cost": 13047.370259353716
    },
    {
      "from": 7,
      "to": 5,
      "cost": 7942.623441627669
    },
    {
      "from": 7,
      "to": 6,
      "cost": 8784.11518390506
    },
    {
      "from": 7,
      "to": 7,
      "cost": 0.0
    },
    {
      "from": 7,
      "to": 8,
      "cost": 18158.264902170467
    },
    {
      "from": 7,
      "to": 9,
      "cost": 5353.363664783963
    },
    {
      "from": 8,
      "to": 0,
      "cost": 35819.16331583351
    },
    {
      "from": 8,
      "to": 1,
      "cost": 38247.79779951408
    },
    {
      "from": 8,
      "to": 2,
      "cost": 20875.261887072
    },
    {
      "from": 8,
      "to": 3,
      "cost": 26799.9361002823
    },
    {
      "from": 8,
      "to": 4,
      "cost": 14115.806252716831
    },
    {
      "from": 8,
      "to": 5,
      "cost": 25355.509097472757
    },
    {
      "from": 8,
      "to": 6,
      "cost": 9609.398813245873
    },
    {
      "from": 8,
      "to": 7,
      "cost": 18158.264902170467
    },
    {
      "from": 8,
      "to": 8,
      "cost": 0.0
    },
    {
      "from": 8,
      "to": 9,
      "cost": 14475.311784786069
    },
    {
      "from": 9,
      "to": 0,
      "cost": 36032.73859423237
    },
    {
      "from": 9,
      "to": 1,
      "cost": 30557.93748002427
    },
    {
      "from": 9,
      "to": 2,
      "cost": 20739.35072548664
    },
    {
      "from": 9,
      "to": 3,
      "cost": 17962.848296594624
    },
    {
      "from": 9,
      "to": 4,
      "cost": 14158.796290887016
    },
    {
      "from": 9,
      "to": 5,
      "cost": 13245.80206028002
    },
    {
      "from": 9,
      "to": 6,
      "cost": 6701.527621940086
    },
    {
      "from": 9,
      "to": 7,
      "cost": 5353.363664783963
    },
    {
      "from": 9,
      "to": 8,
      "cost": 14475.311784786069
    },
    {
      "from": 9,
      "to": 9,
      "cost": 0.0
    }
  ],
  "flow_edges": [
    {
      "from": 0,
      "to": 1,
      "flow": 36.99225
    },
    {
      "from": 0,
      "to": 2,
      "flow": 54.50374
    },
    {
      "from": 0,
      "to": 3,
      "flow": 19.26993
    },
    {
      "from": 0,
      "to": 4,
      "flow": 20.09353
    },
    {
      "from": 0,
      "to": 5,
      "flow": 17.65083
    },
    {
      "from": 0,
      "to": 6,
      "flow": 56.77023
    },
    {
      "from": 0,
      "to": 7,
      "flow": 17.0805
    },
    {
      "from": 0,
      "to": 8,
      "flow": 18.83119
    },
    {
      "from": 0,
      "to": 9,
      "flow": 16.3857
    },
    {
      "from": 1,
      "to": 0,
      "flow": 25.79368
    },
    {
      "from": 1,
      "to": 2,
      "flow": 24.9978
    },
    {
      "from": 1,
      "to": 3,
      "flow": 26.57622
    },
    {
      "from": 1,
      "to": 4,
      "flow": 18.2892
    },
    {
      "from": 1,
      "to": 5,
      "flow": 23.16878
    },
    {
      "from": 1,
      "to": 6,
      "flow": 38.16187
    },
    {
      "from": 1,
      "to": 7,
      "flow": 20.41213
    },
    {
      "from": 1,
      "to": 8,
      "flow": 12.48278
    },
    {
      "from": 1,
      "to": 9,
      "flow": 16.59752
    },
    {
      "from": 2,
      "to": 0,
      "flow": 66.81259
    },
    {
      "from": 2,
      "to": 1,
      "flow": 39.3154
    },
    {
      "from": 2,
      "to": 3,
      "flow": 22.4085
    },
    {
      "from": 2,
      "to": 4,
      "flow": 24.20284
    },
    {
      "from": 2,
      "to": 5,
      "flow": 20.51443
    },
    {
      "from": 2,
      "to": 6,
      "flow": 70.55825
    },
    {
      "from": 2,
      "to": 7,
      "flow": 20.242
    },
    {
      "from": 2,
      "to": 8,
      "flow": 22.99969
    },
    {
      "from": 2,
      "to": 9,
      "flow": 19.42402
    },
    {
      "from": 3,
      "to": 0,
      "flow": 17.32913
    },
    {
      "from": 3,
      "to": 1,
      "flow": 33.11961
    },
    {
      "from": 3,
      "to": 2,
      "flow": 18.76116
    },
    {
      "from": 3,
      "to": 4,
      "flow": 16.3616
    },
    {
      "from": 3,
      "to": 5,
      "flow": 22.92953
    },
    {
      "from": 3,
      "to": 6,
      "flow": 40.16107
    },
    {
      "from": 3,
      "to": 7,
      "flow": 23.14628
    },
    {
      "from": 3,
      "to": 8,
      "flow": 11.42045
    },
    {
      "from": 3,
      "to": 9,
      "flow": 18.67024
    },
    {
      "from": 4,
      "to": 0,
      "flow": 17.48542
    },
    {
      "from": 4,
      "to": 1,
      "flow": 25.13702
    },
    {
      "from": 4,
      "to": 2,
      "flow": 21.18277
    },
    {
      "from": 4,
      "to": 3,
      "flow": 19.09304
    },
    {
      "from": 4,
      "to": 5,
      "flow": 18.30631
    },
    {
      "from": 4,
      "to": 6,
      "flow": 73.40977
    },
    {
      "from": 4,
      "to": 7,
      "flow": 20.08767
    },
    {
      "from": 4,
      "to": 8,
      "flow": 23.88958
    },
    {
      "from": 4,
      "to": 9,
      "flow": 19.43431
    },
    {
      "from": 5,
      "to": 0,
      "flow": 11.60717
    },
    {
      "from": 5,
      "to": 1,
      "flow": 18.44195
    },
    {
      "from": 5,
      "to": 2,
      "flow": 12.16834
    },
    {
      "from": 5,
      "to": 3,
      "flow": 16.1154
    },
    {
      "from": 5,
      "to": 4,
      "flow": 11.117
    },
    {
      "from": 5,
      "to": 6,
      "flow": 37.16685
    },
    {
      "from": 5,
      "to": 7,
      "flow": 21.82894
    },
    {
      "from": 5,
      "to": 8,
      "flow": 9.55635
    },
    {
      "from": 5,
      "to": 9,
      "flow": 18.06635
    },
    {
      "from": 6,
      "to": 0,
      "flow": 82.3726
    },
    {
      "from": 6,
      "to": 1,
      "flow": 77.53514
    },
    {
      "from": 6,
      "to": 2,
      "flow": 90.44923
    },
    {
      "from": 6,
      "to": 3,
      "flow": 67.79197
    },
    {
      "from": 6,
      "to": 4,
      "flow": 95.05794
    },
    {
      "from": 6,
      "to": 5,
      "flow": 72.6356
    },
    {
      "from": 6,
      "to": 7,
      "flow": 98.82669
    },
    {
      "from": 6,
      "to": 8,
      "flow": 110.00666
    },
    {
      "from": 6,
      "to": 9,
      "flow": 110.36841
    },
    {
      "from": 7,
      "to": 0,
      "flow": 35.14312
    },
    {
      "from": 7,
      "to": 1,
      "flow": 41.73451
    },
    {
      "from": 7,
      "to": 2,
      "flow": 36.29946
    },
    {
      "from": 7,
      "to": 3,
      "flow": 48.41528
    },
    {
      "from": 7,
      "to": 4,
      "flow": 35.71107
    },
    {
      "from": 7,
      "to": 5,
      "flow": 57.57814
    },
    {
      "from": 7,
      "to": 6,
      "flow": 173.37314
    },
    {
      "from": 7,
      "to": 8,
      "flow": 41.22635
    },
    {
      "from": 7,
      "to": 9,
      "flow": 91.82538
    },
    {
      "from": 8,
      "to": 0,
      "flow": 12.19623
    },
    {
      "from": 8,
      "to": 1,
      "flow": 11.89953
    },
    {
      "from": 8,
      "to": 2,
      "flow": 15.34527
    },
    {
      "from": 8,
      "to": 3,
      "flow": 10.23904
    },
    {
      "from": 8,
      "to": 4,
      "flow": 18.93588
    },
    {
      "from": 8,
      "to": 5,
      "flow": 11.15861
    },
    {
      "from": 8,
      "to": 6,
      "flow": 67.87516
    },
    {
      "from": 8,
      "to": 7,
      "flow": 15.06425
    },
    {
      "from": 8,
      "to": 9,
      "flow": 20.37256
    },
    {
      "from": 9,
      "to": 0,
      "flow": 21.71765
    },
    {
      "from": 9,
      "to": 1,
      "flow": 24.96393
    },
    {
      "from": 9,
      "to": 2,
      "flow": 22.80694
    },
    {
      "from": 9,
      "to": 3,
      "flow": 27.79022
    },
    {
      "from": 9,
      "to": 4,
      "flow": 23.08363
    },
    {
      "from": 9,
      "to": 5,
      "flow": 32.89169
    },
    {
      "from": 9,
      "to": 6,
      "flow": 109.09831
    },
    {
      "from": 9,
      "to": 7,
      "flow": 50.84656
    },
    {
      "from": 9,
      "to": 8,
      "flow": 30.24721
    }
  ],
  "small_certified": {
    "scale": "ap10",
    "regime": "TT",
    "q": 4,
    "alpha": 0.3,
    "alpha_tag": "a030",
    "fixed_cost_scale": 1.0,
    "perturbation_seed": null,
    "ap15_construction": null
  }
}