{
  "instance_name": "ap20_TT_q5",
  "source_prefix": "ap20",
  "benchmark_version": "unified_hlrp_v2",
  "modeling_choices": {
    "single_allocation": true,
    "use_hub_capacity": true,
    "use_hub_fixed_cost": true,
    "use_vehicle_capacity": false,
    "use_karimi_covering_timebound": false,
    "local_tours": "closed tours starting and ending at the same hub",
    "route_cardinality_bound_q": 5,
    "candidate_hubs": "all nodes",
    "assignment_cost_mode": "normalized_throughput_distance",
    "objective_terms": [
      "hub_fixed_cost",
      "local_route_cost",
      "assignment_cost",
      "inter_hub_flow_cost",
      "vehicle_fixed_cost"
    ]
  },
  "parameters": {
    "alpha": 0.75,
    "cap_type": "T",
    "cost_type": "T",
    "q": 5,
    "vehicle_fixed_cost": 0.0,
    "keep_diag_flow": false,
    "assignment_weight": 1.0,
    "throughput_normalization_mean": 355.76491899999996,
    "ap_meta_collect": 3.0,
    "ap_meta_transfer": 0.75,
    "ap_meta_distribute": 2.0,
    "ap_meta_p": 3
  },
  "summary": {
    "n_nodes": 20,
    "n_candidate_hubs": 20,
    "total_flow": 3557.64919,
    "total_outbound": 3557.64919,
    "total_inbound": 3557.64919,
    "avg_nonzero_distance": 19746.17066564236,
    "avg_nonzero_flow": 9.362234710526316,
    "avg_throughput": 355.76491899999996,
    "min_hub_fixed_cost": 23067.471321,
    "max_hub_fixed_cost": 212142.351474,
    "min_hub_capacity": 21.256376,
    "max_hub_capacity": 2183.73219
  },
  "nodes": [
    {
      "id": 0,
      "x": 12944.330389,
      "y": 19522.690462
    },
    {
      "id": 1,
      "x": 23487.76995,
      "y": 14749.226168
    },
    {
      "id": 2,
      "x": 31004.306839,
      "y": 21458.349354
    },
    {
      "id": 3,
      "x": 49728.492698,
      "y": 17946.318136
    },
    {
      "id": 4,
      "x": 18262.371247,
      "y": 34230.973732
    },
    {
      "id": 5,
      "x": 27200.416014,
      "y": 29683.344889
    },
    {
      "id": 6,
      "x": 32659.905655,
      "y": 31322.779442
    },
    {
      "id": 7,
      "x": 42235.109422,
      "y": 32882.346795
    },
    {
      "id": 8,
      "x": 19237.531679,
      "y": 39507.84712
    },
    {
      "id": 9,
      "x": 30240.587168,
      "y": 38106.082073
    },
    {
      "id": 10,
      "x": 35623.768986,
      "y": 38814.054724
    },
    {
      "id": 11,
      "x": 44607.978078,
      "y": 38388.838796
    },
    {
      "id": 12,
      "x": 21747.098038,
      "y": 44784.848319
    },
    {
      "id": 13,
      "x": 28875.463979,
      "y": 47422.816531
    },
    {
      "id": 14,
      "x": 32361.143193,
      "y": 45963.285683
    },
    {
      "id": 15,
      "x": 42755.672541,
      "y": 42966.14095
    },
    {
      "id": 16,
      "x": 12890.344693,
      "y": 52475.699722
    },
    {
      "id": 17,
      "x": 25061.003075,
      "y": 51526.124012
    },
    {
      "id": 18,
      "x": 31592.466525,
      "y": 49745.987221
    },
    {
      "id": 19,
      "x": 36010.09957,
      "y": 49567.603065
    }
  ],
  "hub_fixed_cost": [
    26097.797831,
    60815.372091,
    39234.510496,
    36324.522969,
    34321.568488,
    47241.500005,
    30455.547229,
    26590.761368,
    35619.949621,
    28436.869571,
    23067.471321,
    34993.610139,
    49198.838416,
    212142.351474,
    79500.109808,
    42939.112152,
    29835.14768,
    29530.686951,
    47326.143271,
    45665.662282
  ],
  "hub_capacity": [
    1160.771875,
    875.039823,
    488.320967,
    1517.754228,
    2112.303157,
    1621.356205,
    235.323954,
    1020.842551,
    1774.78329,
    2183.73219,
    21.256376,
    1848.15173,
    1319.831778,
    1953.097866,
    96.781912,
    1097.85332,
    638.436502,
    66.22887,
    1576.368001,
    1086.464367
  ],
  "outbound_flow": [
    68.1099,
    220.51167,
    112.37272999999999,
    112.58095,
    103.73578,
    227.93809,
    126.78102,
    85.92072,
    127.89465000000001,
    118.9568,
    64.31469,
    97.65339,
    189.30987,
    729.4122300000001,
    490.05104,
    122.90758000000001,
    97.69239,
    96.41456000000001,
    185.87176999999997,
    179.21936
  ],
  "inbound_flow": [
    128.09276000000003,
    193.40849999999995,
    177.10710000000003,
    150.50594,
    167.20782,
    154.50303999999997,
    116.6664,
    151.83587,
    139.69534,
    131.98290999999998,
    121.63865000000001,
    161.09499999999997,
    173.88765999999995,
    606.3648499999999,
    119.95671000000002,
    219.23048000000003,
    130.07613,
    161.60455,
    188.83391,
    163.95557000000002
  ],
  "node_throughput": [
    196.20266000000004,
    413.92017,
    289.47983,
    263.08689000000004,
    270.9436,
    382.44112999999993,
    243.44742,
    237.75659000000002,
    267.58999,
    250.93971,
    185.95334000000003,
    258.74839,
    363.1975299999999,
    1335.77708,
    610.00775,
    342.13806000000005,
    227.76852000000002,
    258.01911,
    374.70568,
    343.17493
  ],
  "node_throughput_normalized": [
    0.5514952417216832,
    1.1634653893460474,
    0.8136828971605264,
    0.7394964369716286,
    0.7615804300254799,
    1.0749826910280604,
    0.6842929333344416,
    0.6682968929828633,
    0.7521539525374058,
    0.7053525982982038,
    0.5226859931065886,
    0.7273015864726111,
    1.0208919165523456,
    3.754662162179066,
    1.7146371590392813,
    0.961697013189769,
    0.6402219775918941,
    0.725251693520687,
    1.0532395410239985,
    0.9646114939174204
  ],
  "distance_matrix": [
    [
      0.0,
      11573.68044930189,
      18163.411703772323,
      36817.924255517646,
      15640.177598669372,
      17506.423841900043,
      22977.075706129977,
      32193.635297926503,
      20952.58621557872,
      25387.06249909368,
      29774.37942534259,
      36858.08103976122,
      26751.9221341994,
      32128.15046230517,
      32804.23288397927,
      37925.07734582646,
      32953.053481354626,
      34220.36697595343,
      35513.386889022135,
      37877.78347835414
    ],
    [
      11573.68044930189,
      0.0,
      10075.249908990874,
      26434.76739805468,
      20170.356460725576,
      15388.685543913663,
      18942.30032274464,
      26082.03981577633,
      25120.784955989857,
      24313.437810121595,
      26951.7800160113,
      31700.07060831149,
      30086.018957364024,
      33114.81170351492,
      32450.79758828048,
      34167.91404330845,
      39186.63329374396,
      36810.53215444744,
      35922.96467127393,
      37001.73116022375
    ],
    [
      18163.411703772323,
      10075.249908990874,
      0.0,
      19050.7086314022,
      18041.53142424878,
      9062.016164148525,
      10002.399132237237,
      16019.945199353646,
      21546.261097249146,
      16665.241444969688,
      17959.953769924152,
      21718.686514715137,
      25096.24411639036,
      26051.593573293805,
      24542.47154179628,
      24508.76772094244,
      35919.23786048349,
      30649.533968976484,
      28293.75174682156,
      28551.49917351276
    ],
    [
      36817.924255517646,
      26434.76739805468,
      19050.7086314022,
      0.0,
      35430.309158253425,
      25402.20533892328,
      21685.626131504312,
      16710.348441115933,
      37344.31999635352,
      28039.160899388025,
      25187.410770025745,
      21074.067497950185,
      38771.9634465741,
      36106.96282416836,
      32963.24163911182,
      25973.28925234192,
      50490.863937447946,
      41666.39421609046,
      36607.84614346009,
      34468.826069005605
    ],
    [
      15640.177598669372,
      20170.356460725576,
      18041.53142424878,
      35430.309158253425,
      0.0,
      10028.438181022088,
      14688.314779372497,
      24010.642853166268,
      5366.221260917316,
      12589.444837028585,
      17956.13440668637,
      26671.686133127496,
      11114.296631188028,
      16931.109053206153,
      18341.824175934467,
      26004.325690259386,
      19019.16653660361,
      18583.423202964485,
      20455.00143447587,
      23456.215805727326
    ],
    [
      17506.423841900043,
      15388.685543913663,
      9062.016164148525,
      25402.20533892328,
      10028.438181022088,
      0.0,
      5700.330937213787,
      15371.25951466406,
      12646.278939653052,
      8954.615698976138,
      12422.67029997444,
      19463.01213011044,
      16055.967202061243,
      17818.379270359375,
      17078.33649019174,
      20454.79593686755,
      26912.25705966493,
      21947.30251169208,
      20537.76338925283,
      21748.430921946525
    ],
    [
      22977.075706129977,
      18942.30032274464,
      10002.399132237237,
      21685.626131504312,
      14688.314779372497,
      5700.330937213787,
      0.0,
      9701.380185732052,
      15721.178583205596,
      7201.825916062639,
      8056.28271571639,
      13881.124933502471,
      17329.64709781319,
      16538.838927392128,
      14643.554281712495,
      15410.787657431085,
      28953.09270185604,
      21585.144248637283,
      18454.105536830048,
      18549.862217884045
    ],
    [
      32193.635297926503,
      26082.03981577633,
      16019.945199353646,
      16710.348441115933,
      24010.642853166268,
      15371.25951466406,
      9701.380185732052,
      0.0,
      23932.944586947597,
      13082.659299864194,
      8882.28469008116,
      5995.995314850088,
      23694.475157718432,
      19746.02204258373,
      16389.208988936083,
      10097.221920967928,
      35284.765776781656,
      25348.37978520904,
      19941.11873116667,
      17808.664308506453
    ],
    [
      20952.58621557872,
      25120.784955989857,
      21546.261097249146,
      37344.31999635352,
      5366.221260917316,
      12646.278939653052,
      15721.178583205596,
      23932.944586947597,
      0.0,
      11091.986987956843,
      16400.918296548705,
      25395.112327251347,
      5843.343645933545,
      12471.426534139908,
      14625.384309858697,
      23771.048479599933,
      14437.86631543754,
      13354.841764424296,
      16045.68252760254,
      19558.06031617571
    ],
    [
      25387.06249909368,
      24313.437810121595,
      16665.241444969688,
      28039.160899388025,
      12589.444837028585,
      8954.615698976138,
      7201.825916062639,
      13082.659299864194,
      11091.986987956843,
      0.0,
      5429.536974752986,
      14370.173030452775,
      10804.872797499149,
      9416.214859593532,
      8138.32946151487,
      13425.629749899448,
      22528.134084289944,
      14384.909350460905,
      11718.147022900836,
      12831.747223464488
    ],
    [
      29774.37942534259,
      26951.7800160113,
      17959.953769924152,
      25187.410770025745,
      17956.13440668637,
      12422.67029997444,
      8056.28271571639,
      8882.28469008116,
      16400.918296548705,
      5429.536974752986,
      0.0,
      8994.266039772247,
      15106.699598296123,
      10938.482541795418,
      7858.513241719006,
      8252.50679163371,
      26522.6153336533,
      16527.816833251043,
      11651.547006772507,
      10760.485734499054
    ],
    [
      36858.08103976122,
      31700.07060831149,
      21718.686514715137,
      21074.067497950185,
      26671.686133127496,
      19463.01213011044,
      13881.124933502471,
      5995.995314850088,
      25395.112327251347,
      14370.173030452775,
      8994.266039772247,
      0.0,
      23738.761004348504,
      18141.795765351057,
      14399.90313663384,
      4937.887282169768,
      34705.15694091776,
      23551.48603834669,
      17273.921423167256,
      14102.77580550012
    ],
    [
      26751.9221341994,
      30086.018957364024,
      25096.24411639036,
      38771.9634465741,
      11114.296631188028,
      16055.967202061243,
      17329.64709781319,
      23694.475157718432,
      5843.343645933545,
      10804.872797499149,
      15106.699598296123,
      23738.761004348504,
      0.0,
      7600.820829116504,
      10679.26351267962,
      21087.15009531057,
      11729.930737953902,
      7511.775060748734,
      11024.707699061708,
      15043.53534453321
    ],
    [
      32128.15046230517,
      33114.81170351492,
      26051.593573293805,
      36106.96282416836,
      16931.109053206153,
      17818.379270359375,
      16538.838927392128,
      19746.02204258373,
      12471.426534139908,
      9416.214859593532,
      10938.482541795418,
      18141.795765351057,
      7600.820829116504,
      0.0,
      3778.913849133801,
      14578.139351745123,
      16764.714943283096,
      5602.431996175865,
      3574.804175034709,
      7450.042569864393
    ],
    [
      32804.23288397927,
      32450.79758828048,
      24542.47154179628,
      32963.24163911182,
      18341.824175934467,
      17078.33649019174,
      14643.554281712495,
      16389.208988936083,
      14625.384309858697,
      8138.32946151487,
      7858.513241719006,
      14399.90313663384,
      10679.26351267962,
      3778.913849133801,
      0.0,
      10817.99967262816,
      20531.03823100445,
      9178.083460996884,
      3860.0122727156136,
      5128.936189058731
    ],
    [
      37925.07734582646,
      34167.91404330845,
      24508.76772094244,
      25973.28925234192,
      26004.325690259386,
      20454.79593686755,
      15410.787657431085,
      10097.221920967928,
      23771.048479599933,
      13425.629749899448,
      8252.50679163371,
      4937.887282169768,
      21087.15009531057,
      14578.139351745123,
      10817.99967262816,
      0.0,
      31342.77453427897,
      19656.41466627929,
      13060.761234095478,
      9438.329129823038
    ],
    [
      32953.053481354626,
      39186.63329374396,
      35919.23786048349,
      50490.863937447946,
      19019.16653660361,
      26912.25705966493,
      28953.09270185604,
      35284.765776781656,
      14437.86631543754,
      22528.134084289944,
      26522.6153336533,
      34705.15694091776,
      11729.930737953902,
      16764.714943283096,
      20531.03823100445,
      31342.77453427897,
      0.0,
      12207.645943439256,
      18900.28283801824,
      23301.933218920265
    ],
    [
      34220.36697595343,
      36810.53215444744,
      30649.533968976484,
      41666.39421609046,
      18583.423202964485,
      21947.30251169208,
      21585.144248637283,
      25348.37978520904,
      13354.841764424296,
      14384.909350460905,
      16527.816833251043,
      23551.48603834669,
      7511.775060748734,
      5602.431996175865,
      9178.083460996884,
      19656.41466627929,
      12207.645943439256,
      0.0,
      6769.704705033866,
      11122.882645998698
    ],
    [
      35513.386889022135,
      35922.96467127393,
      28293.75174682156,
      36607.84614346009,
      20455.00143447587,
      20537.76338925283,
      18454.105536830048,
      19941.11873116667,
      16045.68252760254,
      11718.147022900836,
      11651.547006772507,
      17273.921423167256,
      11024.707699061708,
      3574.804175034709,
      3860.0122727156136,
      13060.761234095478,
      18900.28283801824,
      6769.704705033866,
      0.0,
      4421.233156867866
    ],
    [
      37877.78347835414,
      37001.73116022375,
      28551.49917351276,
      34468.826069005605,
      23456.215805727326,
      21748.430921946525,
      18549.862217884045,
      17808.664308506453,
      19558.06031617571,
      12831.747223464488,
      10760.485734499054,
      14102.77580550012,
      15043.53534453321,
      7450.042569864393,
      5128.936189058731,
      9438.329129823038,
      23301.933218920265,
      11122.882645998698,
      4421.233156867866,
      0.0
    ]
  ],
  "flow_matrix": [
    [
      0.0,
      9.8016,
      5.02811,
      3.10534,
      5.76561,
      5.68655,
      2.48179,
      2.10657,
      2.38547,
      2.3877,
      2.39523,
      1.96042,
      2.92867,
      8.97784,
      2.11682,
      2.38788,
      2.22108,
      2.2961,
      2.14572,
      1.9314
    ],
    [
      21.24207,
      0.0,
      18.46248,
      10.39632,
      21.81616,
      21.23542,
      8.12536,
      6.55621,
      7.6169,
      7.70346,
      7.72436,
      5.57082,
      9.83708,
      35.02664,
      5.00258,
      7.57322,
      6.98803,
      7.32598,
      6.50394,
      5.80464
    ],
    [
      5.76319,
      9.90943,
      0.0,
      8.66589,
      6.20638,
      7.66848,
      6.87066,
      5.13303,
      3.3055,
      5.45925,
      6.38653,
      4.14589,
      4.13713,
      15.14683,
      3.88089,
      5.52676,
      3.06227,
      3.29626,
      3.50254,
      4.30582
    ],
    [
      3.82019,
      6.30087,
      9.80781,
      0.0,
      4.41734,
      6.7056,
      8.41702,
      6.15551,
      3.14053,
      6.38392,
      7.78316,
      4.8532,
      3.91686,
      14.96105,
      4.48033,
      6.52415,
      2.91708,
      3.20717,
      3.68952,
      5.09964
    ],
    [
      6.72946,
      11.72855,
      6.26441,
      4.02987,
      0.0,
      7.05129,
      3.13192,
      2.96169,
      4.73654,
      3.61574,
      3.06078,
      2.86809,
      6.02183,
      19.65396,
      2.81457,
      3.71497,
      4.35917,
      4.44622,
      3.6718,
      2.87492
    ],
    [
      17.20647,
      31.14811,
      17.379,
      11.64212,
      18.14486,
      0.0,
      9.0892,
      7.22569,
      7.55309,
      8.29747,
      8.52419,
      6.06137,
      9.7227,
      35.15976,
      5.43809,
      8.27437,
      6.92029,
      7.27401,
      6.5717,
      6.3056
    ],
    [
      4.16628,
      6.98193,
      11.09571,
      11.99146,
      4.81607,
      7.43321,
      0.0,
      6.8289,
      3.35128,
      7.09762,
      8.73584,
      5.29811,
      4.19067,
      16.90428,
      4.79284,
      7.19672,
      3.06991,
      3.40742,
      3.9202,
      5.50257
    ],
    [
      2.43809,
      3.74283,
      4.92636,
      5.10608,
      2.84572,
      3.66616,
      3.97377,
      0.0,
      2.35772,
      3.55498,
      3.95644,
      4.93914,
      2.91019,
      16.15593,
      4.47168,
      6.68504,
      2.17863,
      2.76449,
      4.12639,
      5.12108
    ],
    [
      3.1136,
      4.99403,
      4.06675,
      3.54214,
      6.16711,
      4.45103,
      2.77866,
      3.59459,
      0.0,
      4.81072,
      2.82652,
      3.98453,
      11.40382,
      36.77596,
      3.71853,
      5.30865,
      8.0716,
      8.12413,
      6.06891,
      4.09337
    ],
    [
      3.55286,
      5.82493,
      8.50821,
      9.01992,
      4.53865,
      6.02598,
      7.02517,
      5.69462,
      4.01484,
      0.0,
      6.60576,
      4.8895,
      5.06572,
      20.16427,
      4.42922,
      6.63127,
      3.68452,
      4.00933,
      4.22951,
      5.04252
    ],
    [
      2.21917,
      3.34019,
      5.35555,
      5.78049,
      2.41317,
      3.63173,
      4.43111,
      3.40172,
      1.81365,
      3.4232,
      0.0,
      2.82715,
      2.20865,
      8.56897,
      2.76048,
      3.68513,
      1.67549,
      1.84414,
      2.16197,
      2.77273
    ],
    [
      2.42586,
      3.62195,
      3.72933,
      3.57658,
      2.95022,
      3.17322,
      2.75117,
      5.5314,
      2.72222,
      3.15793,
      3.07258,
      0.0,
      3.37116,
      23.01807,
      6.02159,
      9.36174,
      2.52139,
      3.51533,
      5.96375,
      7.1679
    ],
    [
      4.48378,
      7.50133,
      5.99118,
      5.1547,
      9.32984,
      6.56298,
      3.95527,
      5.25804,
      13.49536,
      7.16645,
      4.03137,
      5.81953,
      0.0,
      57.49269,
      5.19823,
      7.92189,
      12.34909,
      12.42676,
      9.14895,
      6.02243
    ],
    [
      24.91884,
      45.46865,
      35.76415,
      30.62511,
      39.70652,
      34.84989,
      24.2033,
      34.37536,
      42.67713,
      31.719,
      24.44874,
      38.33596,
      56.18517,
      0.0,
      31.57915,
      54.12742,
      38.98163,
      46.24918,
      53.65956,
      41.53747
    ],
    [
      10.03472,
      17.48146,
      16.78308,
      15.71178,
      14.13816,
      14.44226,
      12.33287,
      25.42583,
      13.53094,
      14.75889,
      13.50418,
      31.27818,
      17.55586,
      120.88821,
      0.0,
      43.9721,
      12.38894,
      21.21276,
      40.86929,
      33.74153
    ],
    [
      2.9706,
      4.65634,
      4.73049,
      4.50916,
      3.7318,
      3.98724,
      3.45605,
      7.20053,
      3.40606,
      4.01518,
      3.86624,
      8.92954,
      4.26511,
      30.66396,
      7.68007,
      0.0,
      3.13614,
      4.48851,
      7.77392,
      9.44064
    ],
    [
      2.47192,
      3.80675,
      3.17113,
      2.80024,
      4.68652,
      3.44312,
      2.19008,
      2.78633,
      6.63777,
      3.66935,
      2.24327,
      3.08799,
      8.53509,
      27.28844,
      2.98984,
      4.03197,
      0.0,
      6.1228,
      4.61074,
      3.11904
    ],
    [
      2.34999,
      3.56757,
      3.12016,
      2.808,
      4.02498,
      3.19065,
      2.17405,
      3.08858,
      5.32906,
      3.2997,
      2.27653,
      3.55082,
      6.80676,
      25.24487,
      3.34488,
      4.69756,
      4.89762,
      0.0,
      9.04378,
      3.599
    ],
    [
      4.16957,
      6.90003,
      6.31625,
      5.78781,
      6.27864,
      5.76315,
      4.46475,
      8.18877,
      6.90363,
      5.81224,
      4.81744,
      9.87088,
      8.85858,
      49.54976,
      8.44708,
      13.6941,
      6.32666,
      13.24916,
      0.0,
      10.47327
    ],
    [
      4.0161,
      6.63195,
      6.60694,
      6.25293,
      5.23007,
      5.53508,
      4.8142,
      10.3225,
      4.71765,
      5.65011,
      5.37949,
      12.82388,
      5.96661,
      44.72336,
      10.78984,
      17.91554,
      4.32659,
      6.3448,
      11.17172,
      0.0
    ]
  ],
  "distance_edges": [
    {
      "from": 0,
      "to": 0,
      "cost": 0.0
    },
    {
      "from": 0,
      "to": 1,
      "cost": 11573.68044930189
    },
    {
      "from": 0,
      "to": 2,
      "cost": 18163.411703772323
    },
    {
      "from": 0,
      "to": 3,
      "cost": 36817.924255517646
    },
    {
      "from": 0,
      "to": 4,
      "cost": 15640.177598669372
    },
    {
      "from": 0,
      "to": 5,
      "cost": 17506.423841900043
    },
    {
      "from": 0,
      "to": 6,
      "cost": 22977.075706129977
    },
    {
      "from": 0,
      "to": 7,
      "cost": 32193.635297926503
    },
    {
      "from": 0,
      "to": 8,
      "cost": 20952.58621557872
    },
    {
      "from": 0,
      "to": 9,
      "cost": 25387.06249909368
    },
    {
      "from": 0,
      "to": 10,
      "cost": 29774.37942534259
    },
    {
      "from": 0,
      "to": 11,
      "cost": 36858.08103976122
    },
    {
      "from": 0,
      "to": 12,
      "cost": 26751.9221341994
    },
    {
      "from": 0,
      "to": 13,
      "cost": 32128.15046230517
    },
    {
      "from": 0,
      "to": 14,
      "cost": 32804.23288397927
    },
    {
      "from": 0,
      "to": 15,
      "cost": 37925.07734582646
    },
    {
      "from": 0,
      "to": 16,
      "cost": 32953.053481354626
    },
    {
      "from": 0,
      "to": 17,
      "cost": 34220.36697595343
    },
    {
      "from": 0,
      "to": 18,
      "cost": 35513.386889022135
    },
    {
      "from": 0,
      "to": 19,
      "cost": 37877.78347835414
    },
    {
      "from": 1,
      "to": 0,
      "cost": 11573.68044930189
    },
    {
      "from": 1,
      "to": 1,
      "cost": 0.0
    },
    {
      "from": 1,
      "to": 2,
      "cost": 10075.249908990874
    },
    {
      "from": 1,
      "to": 3,
      "cost": 26434.76739805468
    },
    {
      "from": 1,
      "to": 4,
      "cost": 20170.356460725576
    },
    {
      "from": 1,
      "to": 5,
      "cost": 15388.685543913663
    },
    {
      "from": 1,
      "to": 6,
      "cost": 18942.30032274464
    },
    {
      "from": 1,
      "to": 7,
      "cost": 26082.03981577633
    },
    {
      "from": 1,
      "to": 8,
      "cost": 25120.784955989857
    },
    {
      "from": 1,
      "to": 9,
      "cost": 24313.437810121595
    },
    {
      "from": 1,
      "to": 10,
      "cost": 26951.7800160113
    },
    {
      "from": 1,
      "to": 11,
      "cost": 31700.07060831149
    },
    {
      "from": 1,
      "to": 12,
      "cost": 30086.018957364024
    },
    {
      "from": 1,
      "to": 13,
      "cost": 33114.81170351492
    },
    {
      "from": 1,
      "to": 14,
      "cost": 32450.79758828048
    },
    {
      "from": 1,
      "to": 15,
      "cost": 34167.91404330845
    },
    {
      "from": 1,
      "to": 16,
      "cost": 39186.63329374396
    },
    {
      "from": 1,
      "to": 17,
      "cost": 36810.53215444744
    },
    {
      "from": 1,
      "to": 18,
      "cost": 35922.96467127393
    },
    {
      "from": 1,
      "to": 19,
      "cost": 37001.73116022375
    },
    {
      "from": 2,
      "to": 0,
      "cost": 18163.411703772323
    },
    {
      "from": 2,
      "to": 1,
      "cost": 10075.249908990874
    },
    {
      "from": 2,
      "to": 2,
      "cost": 0.0
    },
    {
      "from": 2,
      "to": 3,
      "cost": 19050.7086314022
    },
    {
      "from": 2,
      "to": 4,
      "cost": 18041.53142424878
    },
    {
      "from": 2,
      "to": 5,
      "cost": 9062.016164148525
    },
    {
      "from": 2,
      "to": 6,
      "cost": 10002.399132237237
    },
    {
      "from": 2,
      "to": 7,
      "cost": 16019.945199353646
    },
    {
      "from": 2,
      "to": 8,
      "cost": 21546.261097249146
    },
    {
      "from": 2,
      "to": 9,
      "cost": 16665.241444969688
    },
    {
      "from": 2,
      "to": 10,
      "cost": 17959.953769924152
    },
    {
      "from": 2,
      "to": 11,
      "cost": 21718.686514715137
    },
    {
      "from": 2,
      "to": 12,
      "cost": 25096.24411639036
    },
    {
      "from": 2,
      "to": 13,
      "cost": 26051.593573293805
    },
    {
      "from": 2,
      "to": 14,
      "cost": 24542.47154179628
    },
    {
      "from": 2,
      "to": 15,
      "cost": 24508.76772094244
    },
    {
      "from": 2,
      "to": 16,
      "cost": 35919.23786048349
    },
    {
      "from": 2,
      "to": 17,
      "cost": 30649.533968976484
    },
    {
      "from": 2,
      "to": 18,
      "cost": 28293.75174682156
    },
    {
      "from": 2,
      "to": 19,
      "cost": 28551.49917351276
    },
    {
      "from": 3,
      "to": 0,
      "cost": 36817.924255517646
    },
    {
      "from": 3,
      "to": 1,
      "cost": 26434.76739805468
    },
    {
      "from": 3,
      "to": 2,
      "cost": 19050.7086314022
    },
    {
      "from": 3,
      "to": 3,
      "cost": 0.0
    },
    {
      "from": 3,
      "to": 4,
      "cost": 35430.309158253425
    },
    {
      "from": 3,
      "to": 5,
      "cost": 25402.20533892328
    },
    {
      "from": 3,
      "to": 6,
      "cost": 21685.626131504312
    },
    {
      "from": 3,
      "to": 7,
      "cost": 16710.348441115933
    },
    {
      "from": 3,
      "to": 8,
      "cost": 37344.31999635352
    },
    {
      "from": 3,
      "to": 9,
      "cost": 28039.160899388025
    },
    {
      "from": 3,
      "to": 10,
      "cost": 25187.410770025745
    },
    {
      "from": 3,
      "to": 11,
      "cost": 21074.067497950185
    },
    {
      "from": 3,
      "to": 12,
      "cost": 38771.9634465741
    },
    {
      "from": 3,
      "to": 13,
      "cost": 36106.96282416836
    },
    {
      "from": 3,
      "to": 14,
      "cost": 32963.24163911182
    },
    {
      "from": 3,
      "to": 15,
      "cost": 25973.28925234192
    },
    {
      "from": 3,
      "to": 16,
      "cost": 50490.863937447946
    },
    {
      "from": 3,
      "to": 17,
      "cost": 41666.39421609046
    },
    {
      "from": 3,
      "to": 18,
      "cost": 36607.84614346009
    },
    {
      "from": 3,
      "to": 19,
      "cost": 34468.826069005605
    },
    {
      "from": 4,
      "to": 0,
      "cost": 15640.177598669372
    },
    {
      "from": 4,
      "to": 1,
      "cost": 20170.356460725576
    },
    {
      "from": 4,
      "to": 2,
      "cost": 18041.53142424878
    },
    {
      "from": 4,
      "to": 3,
      "cost": 35430.309158253425
    },
    {
      "from": 4,
      "to": 4,
      "cost": 0.0
    },
    {
      "from": 4,
      "to": 5,
      "cost": 10028.438181022088
    },
    {
      "from": 4,
      "to": 6,
      "cost": 14688.314779372497
    },
    {
      "from": 4,
      "to": 7,
      "cost": 24010.642853166268
    },
    {
      "from": 4,
      "to": 8,
      "cost": 5366.221260917316
    },
    {
      "from": 4,
      "to": 9,
      "cost": 12589.444837028585
    },
    {
      "from": 4,
      "to": 10,
      "cost": 17956.13440668637
    },
    {
      "from": 4,
      "to": 11,
      "cost": 26671.686133127496
    },
    {
      "from": 4,
      "to": 12,
      "cost": 11114.296631188028
    },
    {
      "from": 4,
      "to": 13,
      "cost": 16931.109053206153
    },
    {
      "from": 4,
      "to": 14,
      "cost": 18341.824175934467
    },
    {
      "from": 4,
      "to": 15,
      "cost": 26004.325690259386
    },
    {
      "from": 4,
      "to": 16,
      "cost": 19019.16653660361
    },
    {
      "from": 4,
      "to": 17,
      "cost": 18583.423202964485
    },
    {
      "from": 4,
      "to": 18,
      "cost": 20455.00143447587
    },
    {
      "from": 4,
      "to": 19,
      "cost": 23456.215805727326
    },
    {
      "from": 5,
      "to": 0,
      "cost": 17506.423841900043
    },
    {
      "from": 5,
      "to": 1,
      "cost": 15388.685543913663
    },
    {
      "from": 5,
      "to": 2,
      "cost": 9062.016164148525
    },
    {
      "from": 5,
      "to": 3,
      "cost": 25402.20533892328
    },
    {
      "from": 5,
      "to": 4,
      "cost": 10028.438181022088
    },
    {
      "from": 5,
      "to": 5,
      "cost": 0.0
    },
    {
      "from": 5,
      "to": 6,
      "cost": 5700.330937213787
    },
    {
      "from": 5,
      "to": 7,
      "cost": 15371.25951466406
    },
    {
      "from": 5,
      "to": 8,
      "cost": 12646.278939653052
    },
    {
      "from": 5,
      "to": 9,
      "cost": 8954.615698976138
    },
    {
      "from": 5,
      "to": 10,
      "cost": 12422.67029997444
    },
    {
      "from": 5,
      "to": 11,
      "cost": 19463.01213011044
    },
    {
      "from": 5,
      "to": 12,
      "cost": 16055.967202061243
    },
    {
      "from": 5,
      "to": 13,
      "cost": 17818.379270359375
    },
    {
      "from": 5,
      "to": 14,
      "cost": 17078.33649019174
    },
    {
      "from": 5,
      "to": 15,
      "cost": 20454.79593686755
    },
    {
      "from": 5,
      "to": 16,
      "cost": 26912.25705966493
    },
    {
      "from": 5,
      "to": 17,
      "cost": 21947.30251169208
    },
    {
      "from": 5,
      "to": 18,
      "cost": 20537.76338925283
    },
    {
      "from": 5,
      "to": 19,
      "cost": 21748.430921946525
    },
    {
      "from": 6,
      "to": 0,
      "cost": 22977.075706129977
    },
    {
      "from": 6,
      "to": 1,
      "cost": 18942.30032274464
    },
    {
      "from": 6,
      "to": 2,
      "cost": 10002.399132237237
    },
    {
      "from": 6,
      "to": 3,
      "cost": 21685.626131504312
    },
    {
      "from": 6,
      "to": 4,
      "cost": 14688.314779372497
    },
    {
      "from": 6,
      "to": 5,
      "cost": 5700.330937213787
    },
    {
      "from": 6,
      "to": 6,
      "cost": 0.0
    },
    {
      "from": 6,
      "to": 7,
      "cost": 9701.380185732052
    },
    {
      "from": 6,
      "to": 8,
      "cost": 15721.178583205596
    },
    {
      "from": 6,
      "to": 9,
      "cost": 7201.825916062639
    },
    {
      "from": 6,
      "to": 10,
      "cost": 8056.28271571639
    },
    {
      "from": 6,
      "to": 11,
      "cost": 13881.124933502471
    },
    {
      "from": 6,
      "to": 12,
      "cost": 17329.64709781319
    },
    {
      "from": 6,
      "to": 13,
      "cost": 16538.838927392128
    },
    {
      "from": 6,
      "to": 14,
      "cost": 14643.554281712495
    },
    {
      "from": 6,
      "to": 15,
      "cost": 15410.787657431085
    },
    {
      "from": 6,
      "to": 16,
      "cost": 28953.09270185604
    },
    {
      "from": 6,
      "to": 17,
      "cost": 21585.144248637283
    },
    {
      "from": 6,
      "to": 18,
      "cost": 18454.105536830048
    },
    {
      "from": 6,
      "to": 19,
      "cost": 18549.862217884045
    },
    {
      "from": 7,
      "to": 0,
      "cost": 32193.635297926503
    },
    {
      "from": 7,
      "to": 1,
      "cost": 26082.03981577633
    },
    {
      "from": 7,
      "to": 2,
      "cost": 16019.945199353646
    },
    {
      "from": 7,
      "to": 3,
      "cost": 16710.348441115933
    },
    {
      "from": 7,
      "to": 4,
      "cost": 24010.642853166268
    },
    {
      "from": 7,
      "to": 5,
      "cost": 15371.25951466406
    },
    {
      "from": 7,
      "to": 6,
      "cost": 9701.380185732052
    },
    {
      "from": 7,
      "to": 7,
      "cost": 0.0
    },
    {
      "from": 7,
      "to": 8,
      "cost": 23932.944586947597
    },
    {
      "from": 7,
      "to": 9,
      "cost": 13082.659299864194
    },
    {
      "from": 7,
      "to": 10,
      "cost": 8882.28469008116
    },
    {
      "from": 7,
      "to": 11,
      "cost": 5995.995314850088
    },
    {
      "from": 7,
      "to": 12,
      "cost": 23694.475157718432
    },
    {
      "from": 7,
      "to": 13,
      "cost": 19746.02204258373
    },
    {
      "from": 7,
      "to": 14,
      "cost": 16389.208988936083
    },
    {
      "from": 7,
      "to": 15,
      "cost": 10097.221920967928
    },
    {
      "from": 7,
      "to": 16,
      "cost": 35284.765776781656
    },
    {
      "from": 7,
      "to": 17,
      "cost": 25348.37978520904
    },
    {
      "from": 7,
      "to": 18,
      "cost": 19941.11873116667
    },
    {
      "from": 7,
      "to": 19,
      "cost": 17808.664308506453
    },
    {
      "from": 8,
      "to": 0,
      "cost": 20952.58621557872
    },
    {
      "from": 8,
      "to": 1,
      "cost": 25120.784955989857
    },
    {
      "from": 8,
      "to": 2,
      "cost": 21546.261097249146
    },
    {
      "from": 8,
      "to": 3,
      "cost": 37344.31999635352
    },
    {
      "from": 8,
      "to": 4,
      "cost": 5366.221260917316
    },
    {
      "from": 8,
      "to": 5,
      "cost": 12646.278939653052
    },
    {
      "from": 8,
      "to": 6,
      "cost": 15721.178583205596
    },
    {
      "from": 8,
      "to": 7,
      "cost": 23932.944586947597
    },
    {
      "from": 8,
      "to": 8,
      "cost": 0.0
    },
    {
      "from": 8,
      "to": 9,
      "cost": 11091.986987956843
    },
    {
      "from": 8,
      "to": 10,
      "cost": 16400.918296548705
    },
    {
      "from": 8,
      "to": 11,
      "cost": 25395.112327251347
    },
    {
      "from": 8,
      "to": 12,
      "cost": 5843.343645933545
    },
    {
      "from": 8,
      "to": 13,
      "cost": 12471.426534139908
    },
    {
      "from": 8,
      "to": 14,
      "cost": 14625.384309858697
    },
    {
      "from": 8,
      "to": 15,
      "cost": 23771.048479599933
    },
    {
      "from": 8,
      "to": 16,
      "cost": 14437.86631543754
    },
    {
      "from": 8,
      "to": 17,
      "cost": 13354.841764424296
    },
    {
      "from": 8,
      "to": 18,
      "cost": 16045.68252760254
    },
    {
      "from": 8,
      "to": 19,
      "cost": 19558.06031617571
    },
    {
      "from": 9,
      "to": 0,
      "cost": 25387.06249909368
    },
    {
      "from": 9,
      "to": 1,
      "cost": 24313.437810121595
    },
    {
      "from": 9,
      "to": 2,
      "cost": 16665.241444969688
    },
    {
      "from": 9,
      "to": 3,
      "cost": 28039.160899388025
    },
    {
      "from": 9,
      "to": 4,
      "cost": 12589.444837028585
    },
    {
      "from": 9,
      "to": 5,
      "cost": 8954.615698976138
    },
    {
      "from": 9,
      "to": 6,
      "cost": 7201.825916062639
    },
    {
      "from": 9,
      "to": 7,
      "cost": 13082.659299864194
    },
    {
      "from": 9,
      "to": 8,
      "cost": 11091.986987956843
    },
    {
      "from": 9,
      "to": 9,
      "cost": 0.0
    },
    {
      "from": 9,
      "to": 10,
      "cost": 5429.536974752986
    },
    {
      "from": 9,
      "to": 11,
      "cost": 14370.173030452775
    },
    {
      "from": 9,
      "to": 12,
      "cost": 10804.872797499149
    },
    {
      "from": 9,
      "to": 13,
      "cost": 9416.214859593532
    },
    {
      "from": 9,
      "to": 14,
      "cost": 8138.32946151487
    },
    {
      "from": 9,
      "to": 15,
      "cost": 13425.629749899448
    },
    {
      "from": 9,
      "to": 16,
      "cost": 22528.134084289944
    },
    {
      "from": 9,
      "to": 17,
      "cost": 14384.909350460905
    },
    {
      "from": 9,
      "to": 18,
      "cost": 11718.147022900836
    },
    {
      "from": 9,
      "to": 19,
      "cost": 12831.747223464488
    },
    {
      "from": 10,
      "to": 0,
      "cost": 29774.37942534259
    },
    {
      "from": 10,
      "to": 1,
      "cost": 26951.7800160113
    },
    {
      "from": 10,
      "to": 2,
      "cost": 17959.953769924152
    },
    {
      "from": 10,
      "to": 3,
      "cost": 25187.410770025745
    },
    {
      "from": 10,
      "to": 4,
      "cost": 17956.13440668637
    },
    {
      "from": 10,
      "to": 5,
      "cost": 12422.67029997444
    },
    {
      "from": 10,
      "to": 6,
      "cost": 8056.28271571639
    },
    {
      "from": 10,
      "to": 7,
      "cost": 8882.28469008116
    },
    {
      "from": 10,
      "to": 8,
      "cost": 16400.918296548705
    },
    {
      "from": 10,
      "to": 9,
      "cost": 5429.536974752986
    },
    {
      "from": 10,
      "to": 10,
      "cost": 0.0
    },
    {
      "from": 10,
      "to": 11,
      "cost": 8994.266039772247
    },
    {
      "from": 10,
      "to": 12,
      "cost": 15106.699598296123
    },
    {
      "from": 10,
      "to": 13,
      "cost": 10938.482541795418
    },
    {
      "from": 10,
      "to": 14,
      "cost": 7858.513241719006
    },
    {
      "from": 10,
      "to": 15,
      "cost": 8252.50679163371
    },
    {
      "from": 10,
      "to": 16,
      "cost": 26522.6153336533
    },
    {
      "from": 10,
      "to": 17,
      "cost": 16527.816833251043
    },
    {
      "from": 10,
      "to": 18,
      "cost": 11651.547006772507
    },
    {
      "from": 10,
      "to": 19,
      "cost": 10760.485734499054
    },
    {
      "from": 11,
      "to": 0,
      "cost": 36858.08103976122
    },
    {
      "from": 11,
      "to": 1,
      "cost": 31700.07060831149
    },
    {
      "from": 11,
      "to": 2,
      "cost": 21718.686514715137
    },
    {
      "from": 11,
      "to": 3,
      "cost": 21074.067497950185
    },
    {
      "from": 11,
      "to": 4,
      "cost": 26671.686133127496
    },
    {
      "from": 11,
      "to": 5,
      "cost": 19463.01213011044
    },
    {
      "from": 11,
      "to": 6,
      "cost": 13881.124933502471
    },
    {
      "from": 11,
      "to": 7,
      "cost": 5995.995314850088
    },
    {
      "from": 11,
      "to": 8,
      "cost": 25395.112327251347
    },
    {
      "from": 11,
      "to": 9,
      "cost": 14370.173030452775
    },
    {
      "from": 11,
      "to": 10,
      "cost": 8994.266039772247
    },
    {
      "from": 11,
      "to": 11,
      "cost": 0.0
    },
    {
      "from": 11,
      "to": 12,
      "cost": 23738.761004348504
    },
    {
      "from": 11,
      "to": 13,
      "cost": 18141.795765351057
    },
    {
